               -168.4525157008
          0.000001830       0.000001619      -0.000000027
          0.000001598      -0.000000695       0.000000027
         -0.000000020       0.000000021       0.000000057
          15
  1     7       0.000823235      -0.000768048      -0.000172663  N
  1     7      -0.000019765       0.000293596      -0.000574675  N
  1     7      -0.001335373      -0.000201932      -0.000661170  N
  1     7       0.000245686       0.000120596       0.000255180  N
  1     7       0.001098930      -0.000080149      -0.000015669  N
  2     6      -0.001477017       0.000609192      -0.000243354  C
  2     6      -0.001035562      -0.000075340       0.000002823  C
  2     6      -0.000074995       0.000770517      -0.000513728  C
  2     6       0.000128187      -0.000041394      -0.000231919  C
  2     6      -0.001313827       0.000234641      -0.000716407  C
  3     1      -0.000670663      -0.000170379       0.000407919  H
  3     1      -0.000461882       0.000670188      -0.000085633  H
  3     1       0.000313638       0.000160672       0.000010336  H
  3     1      -0.000657479       0.000026290      -0.000199353  H
  3     1      -0.000692532      -0.000149515       0.000110359  H
