                -63.3532291844
         -0.000006637       0.000002530       0.000002530
          0.000002530      -0.000006637       0.000002529
          0.000002530       0.000002529      -0.000006638
           8
  1    14       0.000339201       0.000339448       0.000339329  Si
  1    14       0.000292524       0.000292317       0.000292698  Si
  1    14      -0.000568279      -0.000567947      -0.000820462  Si
  1    14       0.000644959       0.000644606       0.000070826  Si
  1    14      -0.000568105      -0.000820359      -0.000568191  Si
  1    14       0.000644769       0.000070560       0.000644853  Si
  1    14      -0.000820692      -0.000567648      -0.000568227  Si
  1    14       0.000070764       0.000644601       0.000644798  Si
