                -63.3532193147
          0.000008572       0.000001454       0.000001453
          0.000001454       0.000008572       0.000001453
          0.000001453       0.000001453       0.000008572
           8
  1    14       0.001105351       0.001105530       0.001105398  Si
  1    14      -0.000601032      -0.000601093      -0.000601064  Si
  1    14       0.000479627       0.000479741       0.000686136  Si
  1    14      -0.000724868      -0.000724770      -0.000767287  Si
  1    14       0.000479479       0.000686028       0.000479364  Si
  1    14      -0.000724807      -0.000767245      -0.000724739  Si
  1    14       0.000686009       0.000479297       0.000479368  Si
  1    14      -0.000766942      -0.000724794      -0.000724735  Si
