               -329.8671578391
         -0.000000036      -0.000000223       0.000000137
         -0.000000226      -0.000000249       0.000000255
          0.000000138       0.000000256      -0.000000036
          30
  3     7      -0.000576157       0.000128075       0.000134079  N
  3     7      -0.000444047       0.000162648      -0.000137461  N
  3     7       0.000160656       0.000057596       0.000317201  N
  3     7      -0.000024548       0.000557170       0.000170815  N
  3     7       0.000401627       0.000211060       0.000122839  N
  1     6       0.000908354      -0.000344629      -0.000195194  C
  1     6      -0.000184223       0.000087293      -0.000034842  C
  1     6      -0.000560947       0.000590805       0.000076952  C
  1     6       0.000442471      -0.000332877       0.000237893  C
  1     6      -0.000670010      -0.000215127       0.000167234  C
  2     1       0.000570761       0.000000959      -0.000200218  H
  2     1      -0.000178265       0.000181711      -0.000160656  H
  2     1       0.000035034       0.000536688      -0.000390397  H
  2     1      -0.000746367       0.000080639       0.000040645  H
  2     1       0.000529864       0.000028946      -0.000015214  H
  4     8      -0.000924301      -0.000171627       0.000003402  O
  4     8       0.000545736      -0.000900756      -0.000129357  O
  3     7      -0.000735365       0.000657965       0.000049058  N
  3     7      -0.000359369       0.000499597      -0.000225052  N
  1     6       0.001486753       0.000000083      -0.000629130  C
  1     6      -0.000544129       0.001073878      -0.000315053  C
  1     6       0.000078700      -0.000505326       0.000139100  C
  1     6       0.000938926       0.000354799      -0.000255322  C
  1     6       0.000141495      -0.000636401       0.000274388  C
  2     1       0.000287594      -0.000421092       0.000066985  H
  2     1      -0.000418293      -0.000932892       0.000564567  H
  2     1      -0.000509742      -0.000135142      -0.000403303  H
  2     1       0.000126136      -0.000243146       0.000215030  H
  2     1      -0.000014052      -0.000279778      -0.000130860  H
  2     1       0.000034709       0.000000079       0.000467963  H
