                -75.7525087843
          0.000000561       0.000006750       0.000006750
          0.000006750       0.000000561       0.000006751
          0.000006750       0.000006751       0.000000561
 8
  1    14       0.001039376       0.001039002       0.001038874  Si
  1    14      -0.000196174      -0.000195866      -0.000196470  Si
  1    14       0.000672849       0.000672385      -0.000586672  Si
  1    14      -0.000473445      -0.000473175      -0.000873751  Si
  1    14       0.000673351      -0.000587329       0.000672982  Si
  1    14      -0.000473180      -0.000874059      -0.000473237  Si
  1    14      -0.000587105       0.000673037       0.000673068  Si
  1    14      -0.000874382      -0.000473054      -0.000473327  Si
