   405
     1   -0.267640   -0.267640    0.000241       0.001372
     2   -0.200700   -0.267670    0.000211       0.001372
     3   -0.133760   -0.267701    0.000181       0.001372
     4   -0.066820   -0.267731    0.000150       0.001372
     5    0.000120   -0.267761    0.000120       0.001372
     6    0.067061   -0.267791    0.000090       0.001372
     7    0.134001   -0.267821    0.000060       0.001372
     8    0.200941   -0.267851    0.000030       0.001372
     9    0.267881   -0.267881    0.000000       0.001372
    10   -0.267670   -0.200700    0.000211       0.001372
    11   -0.200730   -0.200730    0.000181       0.001372
    12   -0.133790   -0.200760    0.000150       0.001372
    13   -0.066850   -0.200790    0.000120       0.001372
    14    0.000090   -0.200821    0.000090       0.001372
    15    0.067030   -0.200851    0.000060       0.001372
    16    0.133971   -0.200881    0.000030       0.001372
    17    0.200911   -0.200911    0.000000       0.001372
    18    0.267851   -0.200941   -0.000030       0.001372
    19   -0.267701   -0.133760    0.000181       0.001372
    20   -0.200760   -0.133790    0.000150       0.001372
    21   -0.133820   -0.133820    0.000120       0.001372
    22   -0.066880   -0.133850    0.000090       0.001372
    23    0.000060   -0.133880    0.000060       0.001372
    24    0.067000   -0.133910    0.000030       0.001372
    25    0.133941   -0.133941    0.000000       0.001372
    26    0.200881   -0.133971   -0.000030       0.001372
    27    0.267821   -0.134001   -0.000060       0.001372
    28   -0.267731   -0.066820    0.000150       0.001372
    29   -0.200790   -0.066850    0.000120       0.001372
    30   -0.133850   -0.066880    0.000090       0.001372
    31   -0.066910   -0.066910    0.000060       0.001372
    32    0.000030   -0.066940    0.000030       0.001372
    33    0.066970   -0.066970    0.000000       0.001372
    34    0.133910   -0.067000   -0.000030       0.001372
    35    0.200851   -0.067030   -0.000060       0.001372
    36    0.267791   -0.067061   -0.000090       0.001372
    37   -0.267761    0.000120    0.000120       0.001372
    38   -0.200821    0.000090    0.000090       0.001372
    39   -0.133880    0.000060    0.000060       0.001372
    40   -0.066940    0.000030    0.000030       0.001372
    41    0.000000    0.000000    0.000000       0.001372
    42    0.066940   -0.000030   -0.000030       0.001372
    43    0.133880   -0.000060   -0.000060       0.001372
    44    0.200821   -0.000090   -0.000090       0.001372
    45    0.267761   -0.000120   -0.000120       0.001372
    46   -0.267791    0.067061    0.000090       0.001372
    47   -0.200851    0.067030    0.000060       0.001372
    48   -0.133910    0.067000    0.000030       0.001372
    49   -0.066970    0.066970   -0.000000       0.001372
    50   -0.000030    0.066940   -0.000030       0.001372
    51    0.066910    0.066910   -0.000060       0.001372
    52    0.133850    0.066880   -0.000090       0.001372
    53    0.200790    0.066850   -0.000120       0.001372
    54    0.267731    0.066820   -0.000150       0.001372
    55   -0.267821    0.134001    0.000060       0.001372
    56   -0.200881    0.133971    0.000030       0.001372
    57   -0.133941    0.133941   -0.000000       0.001372
    58   -0.067000    0.133910   -0.000030       0.001372
    59   -0.000060    0.133880   -0.000060       0.001372
    60    0.066880    0.133850   -0.000090       0.001372
    61    0.133820    0.133820   -0.000120       0.001372
    62    0.200760    0.133790   -0.000150       0.001372
    63    0.267701    0.133760   -0.000181       0.001372
    64   -0.267851    0.200941    0.000030       0.001372
    65   -0.200911    0.200911   -0.000000       0.001372
    66   -0.133971    0.200881   -0.000030       0.001372
    67   -0.067030    0.200851   -0.000060       0.001372
    68   -0.000090    0.200821   -0.000090       0.001372
    69    0.066850    0.200790   -0.000120       0.001372
    70    0.133790    0.200760   -0.000150       0.001372
    71    0.200730    0.200730   -0.000181       0.001372
    72    0.267670    0.200700   -0.000211       0.001372
    73   -0.267881    0.267881   -0.000000       0.001372
    74   -0.200941    0.267851   -0.000030       0.001372
    75   -0.134001    0.267821   -0.000060       0.001372
    76   -0.067061    0.267791   -0.000090       0.001372
    77   -0.000120    0.267761   -0.000120       0.001372
    78    0.066820    0.267731   -0.000150       0.001372
    79    0.133760    0.267701   -0.000181       0.001372
    80    0.200700    0.267670   -0.000211       0.001372
    81    0.267640    0.267640   -0.000241       0.001372
    82   -0.267670   -0.267670    0.067181       0.002743
    83   -0.200730   -0.267701    0.067151       0.002743
    84   -0.133790   -0.267731    0.067121       0.002743
    85   -0.066850   -0.267761    0.067091       0.002743
    86    0.000090   -0.267791    0.067061       0.002743
    87    0.067030   -0.267821    0.067030       0.002743
    88    0.133971   -0.267851    0.067000       0.002743
    89    0.200911   -0.267881    0.066970       0.002743
    90    0.267851   -0.267911    0.066940       0.002743
    91   -0.267701   -0.200730    0.067151       0.002743
    92   -0.200760   -0.200760    0.067121       0.002743
    93   -0.133820   -0.200790    0.067091       0.002743
    94   -0.066880   -0.200821    0.067061       0.002743
    95    0.000060   -0.200851    0.067030       0.002743
    96    0.067000   -0.200881    0.067000       0.002743
    97    0.133941   -0.200911    0.066970       0.002743
    98    0.200881   -0.200941    0.066940       0.002743
    99    0.267821   -0.200971    0.066910       0.002743
   100   -0.267731   -0.133790    0.067121       0.002743
   101   -0.200790   -0.133820    0.067091       0.002743
   102   -0.133850   -0.133850    0.067061       0.002743
   103   -0.066910   -0.133880    0.067030       0.002743
   104    0.000030   -0.133910    0.067000       0.002743
   105    0.066970   -0.133941    0.066970       0.002743
   106    0.133910   -0.133971    0.066940       0.002743
   107    0.200851   -0.134001    0.066910       0.002743
   108    0.267791   -0.134031    0.066880       0.002743
   109   -0.267761   -0.066850    0.067091       0.002743
   110   -0.200821   -0.066880    0.067061       0.002743
   111   -0.133880   -0.066910    0.067030       0.002743
   112   -0.066940   -0.066940    0.067000       0.002743
   113   -0.000000   -0.066970    0.066970       0.002743
   114    0.066940   -0.067000    0.066940       0.002743
   115    0.133880   -0.067030    0.066910       0.002743
   116    0.200821   -0.067061    0.066880       0.002743
   117    0.267761   -0.067091    0.066850       0.002743
   118   -0.267791    0.000090    0.067061       0.002743
   119   -0.200851    0.000060    0.067030       0.002743
   120   -0.133910    0.000030    0.067000       0.002743
   121   -0.066970   -0.000000    0.066970       0.002743
   122   -0.000030   -0.000030    0.066940       0.002743
   123    0.066910   -0.000060    0.066910       0.002743
   124    0.133850   -0.000090    0.066880       0.002743
   125    0.200790   -0.000120    0.066850       0.002743
   126    0.267731   -0.000150    0.066820       0.002743
   127   -0.267821    0.067030    0.067030       0.002743
   128   -0.200881    0.067000    0.067000       0.002743
   129   -0.133941    0.066970    0.066970       0.002743
   130   -0.067000    0.066940    0.066940       0.002743
   131   -0.000060    0.066910    0.066910       0.002743
   132    0.066880    0.066880    0.066880       0.002743
   133    0.133820    0.066850    0.066850       0.002743
   134    0.200760    0.066820    0.066820       0.002743
   135    0.267701    0.066790    0.066790       0.002743
   136   -0.267851    0.133971    0.067000       0.002743
   137   -0.200911    0.133941    0.066970       0.002743
   138   -0.133971    0.133910    0.066940       0.002743
   139   -0.067030    0.133880    0.066910       0.002743
   140   -0.000090    0.133850    0.066880       0.002743
   141    0.066850    0.133820    0.066850       0.002743
   142    0.133790    0.133790    0.066820       0.002743
   143    0.200730    0.133760    0.066790       0.002743
   144    0.267670    0.133730    0.066760       0.002743
   145   -0.267881    0.200911    0.066970       0.002743
   146   -0.200941    0.200881    0.066940       0.002743
   147   -0.134001    0.200851    0.066910       0.002743
   148   -0.067061    0.200821    0.066880       0.002743
   149   -0.000120    0.200790    0.066850       0.002743
   150    0.066820    0.200760    0.066820       0.002743
   151    0.133760    0.200730    0.066790       0.002743
   152    0.200700    0.200700    0.066760       0.002743
   153    0.267640    0.200670    0.066730       0.002743
   154   -0.267911    0.267851    0.066940       0.002743
   155   -0.200971    0.267821    0.066910       0.002743
   156   -0.134031    0.267791    0.066880       0.002743
   157   -0.067091    0.267761    0.066850       0.002743
   158   -0.000150    0.267731    0.066820       0.002743
   159    0.066790    0.267701    0.066790       0.002743
   160    0.133730    0.267670    0.066760       0.002743
   161    0.200670    0.267640    0.066730       0.002743
   162    0.267610    0.267610    0.066699       0.002743
   163   -0.267701   -0.267701    0.134121       0.002743
   164   -0.200760   -0.267731    0.134091       0.002743
   165   -0.133820   -0.267761    0.134061       0.002743
   166   -0.066880   -0.267791    0.134031       0.002743
   167    0.000060   -0.267821    0.134001       0.002743
   168    0.067000   -0.267851    0.133971       0.002743
   169    0.133941   -0.267881    0.133941       0.002743
   170    0.200881   -0.267911    0.133910       0.002743
   171    0.267821   -0.267941    0.133880       0.002743
   172   -0.267731   -0.200760    0.134091       0.002743
   173   -0.200790   -0.200790    0.134061       0.002743
   174   -0.133850   -0.200821    0.134031       0.002743
   175   -0.066910   -0.200851    0.134001       0.002743
   176    0.000030   -0.200881    0.133971       0.002743
   177    0.066970   -0.200911    0.133941       0.002743
   178    0.133910   -0.200941    0.133910       0.002743
   179    0.200851   -0.200971    0.133880       0.002743
   180    0.267791   -0.201001    0.133850       0.002743
   181   -0.267761   -0.133820    0.134061       0.002743
   182   -0.200821   -0.133850    0.134031       0.002743
   183   -0.133880   -0.133880    0.134001       0.002743
   184   -0.066940   -0.133910    0.133971       0.002743
   185   -0.000000   -0.133941    0.133941       0.002743
   186    0.066940   -0.133971    0.133910       0.002743
   187    0.133880   -0.134001    0.133880       0.002743
   188    0.200821   -0.134031    0.133850       0.002743
   189    0.267761   -0.134061    0.133820       0.002743
   190   -0.267791   -0.066880    0.134031       0.002743
   191   -0.200851   -0.066910    0.134001       0.002743
   192   -0.133910   -0.066940    0.133971       0.002743
   193   -0.066970   -0.066970    0.133941       0.002743
   194   -0.000030   -0.067000    0.133910       0.002743
   195    0.066910   -0.067030    0.133880       0.002743
   196    0.133850   -0.067061    0.133850       0.002743
   197    0.200790   -0.067091    0.133820       0.002743
   198    0.267731   -0.067121    0.133790       0.002743
   199   -0.267821    0.000060    0.134001       0.002743
   200   -0.200881    0.000030    0.133971       0.002743
   201   -0.133941   -0.000000    0.133941       0.002743
   202   -0.067000   -0.000030    0.133910       0.002743
   203   -0.000060   -0.000060    0.133880       0.002743
   204    0.066880   -0.000090    0.133850       0.002743
   205    0.133820   -0.000120    0.133820       0.002743
   206    0.200760   -0.000150    0.133790       0.002743
   207    0.267701   -0.000181    0.133760       0.002743
   208   -0.267851    0.067000    0.133971       0.002743
   209   -0.200911    0.066970    0.133941       0.002743
   210   -0.133971    0.066940    0.133910       0.002743
   211   -0.067030    0.066910    0.133880       0.002743
   212   -0.000090    0.066880    0.133850       0.002743
   213    0.066850    0.066850    0.133820       0.002743
   214    0.133790    0.066820    0.133790       0.002743
   215    0.200730    0.066790    0.133760       0.002743
   216    0.267670    0.066760    0.133730       0.002743
   217   -0.267881    0.133941    0.133941       0.002743
   218   -0.200941    0.133910    0.133910       0.002743
   219   -0.134001    0.133880    0.133880       0.002743
   220   -0.067061    0.133850    0.133850       0.002743
   221   -0.000120    0.133820    0.133820       0.002743
   222    0.066820    0.133790    0.133790       0.002743
   223    0.133760    0.133760    0.133760       0.002743
   224    0.200700    0.133730    0.133730       0.002743
   225    0.267640    0.133700    0.133700       0.002743
   226   -0.267911    0.200881    0.133910       0.002743
   227   -0.200971    0.200851    0.133880       0.002743
   228   -0.134031    0.200821    0.133850       0.002743
   229   -0.067091    0.200790    0.133820       0.002743
   230   -0.000150    0.200760    0.133790       0.002743
   231    0.066790    0.200730    0.133760       0.002743
   232    0.133730    0.200700    0.133730       0.002743
   233    0.200670    0.200670    0.133700       0.002743
   234    0.267610    0.200640    0.133670       0.002743
   235   -0.267941    0.267821    0.133880       0.002743
   236   -0.201001    0.267791    0.133850       0.002743
   237   -0.134061    0.267761    0.133820       0.002743
   238   -0.067121    0.267731    0.133790       0.002743
   239   -0.000181    0.267701    0.133760       0.002743
   240    0.066760    0.267670    0.133730       0.002743
   241    0.133700    0.267640    0.133700       0.002743
   242    0.200640    0.267610    0.133670       0.002743
   243    0.267580    0.267580    0.133640       0.002743
   244   -0.267731   -0.267731    0.201061       0.002743
   245   -0.200790   -0.267761    0.201031       0.002743
   246   -0.133850   -0.267791    0.201001       0.002743
   247   -0.066910   -0.267821    0.200971       0.002743
   248    0.000030   -0.267851    0.200941       0.002743
   249    0.066970   -0.267881    0.200911       0.002743
   250    0.133910   -0.267911    0.200881       0.002743
   251    0.200851   -0.267941    0.200851       0.002743
   252    0.267791   -0.267971    0.200821       0.002743
   253   -0.267761   -0.200790    0.201031       0.002743
   254   -0.200821   -0.200821    0.201001       0.002743
   255   -0.133880   -0.200851    0.200971       0.002743
   256   -0.066940   -0.200881    0.200941       0.002743
   257   -0.000000   -0.200911    0.200911       0.002743
   258    0.066940   -0.200941    0.200881       0.002743
   259    0.133880   -0.200971    0.200851       0.002743
   260    0.200821   -0.201001    0.200821       0.002743
   261    0.267761   -0.201031    0.200790       0.002743
   262   -0.267791   -0.133850    0.201001       0.002743
   263   -0.200851   -0.133880    0.200971       0.002743
   264   -0.133910   -0.133910    0.200941       0.002743
   265   -0.066970   -0.133941    0.200911       0.002743
   266   -0.000030   -0.133971    0.200881       0.002743
   267    0.066910   -0.134001    0.200851       0.002743
   268    0.133850   -0.134031    0.200821       0.002743
   269    0.200790   -0.134061    0.200790       0.002743
   270    0.267731   -0.134091    0.200760       0.002743
   271   -0.267821   -0.066910    0.200971       0.002743
   272   -0.200881   -0.066940    0.200941       0.002743
   273   -0.133941   -0.066970    0.200911       0.002743
   274   -0.067000   -0.067000    0.200881       0.002743
   275   -0.000060   -0.067030    0.200851       0.002743
   276    0.066880   -0.067061    0.200821       0.002743
   277    0.133820   -0.067091    0.200790       0.002743
   278    0.200760   -0.067121    0.200760       0.002743
   279    0.267701   -0.067151    0.200730       0.002743
   280   -0.267851    0.000030    0.200941       0.002743
   281   -0.200911   -0.000000    0.200911       0.002743
   282   -0.133971   -0.000030    0.200881       0.002743
   283   -0.067030   -0.000060    0.200851       0.002743
   284   -0.000090   -0.000090    0.200821       0.002743
   285    0.066850   -0.000120    0.200790       0.002743
   286    0.133790   -0.000150    0.200760       0.002743
   287    0.200730   -0.000181    0.200730       0.002743
   288    0.267670   -0.000211    0.200700       0.002743
   289   -0.267881    0.066970    0.200911       0.002743
   290   -0.200941    0.066940    0.200881       0.002743
   291   -0.134001    0.066910    0.200851       0.002743
   292   -0.067061    0.066880    0.200821       0.002743
   293   -0.000120    0.066850    0.200790       0.002743
   294    0.066820    0.066820    0.200760       0.002743
   295    0.133760    0.066790    0.200730       0.002743
   296    0.200700    0.066760    0.200700       0.002743
   297    0.267640    0.066730    0.200670       0.002743
   298   -0.267911    0.133910    0.200881       0.002743
   299   -0.200971    0.133880    0.200851       0.002743
   300   -0.134031    0.133850    0.200821       0.002743
   301   -0.067091    0.133820    0.200790       0.002743
   302   -0.000150    0.133790    0.200760       0.002743
   303    0.066790    0.133760    0.200730       0.002743
   304    0.133730    0.133730    0.200700       0.002743
   305    0.200670    0.133700    0.200670       0.002743
   306    0.267610    0.133670    0.200640       0.002743
   307   -0.267941    0.200851    0.200851       0.002743
   308   -0.201001    0.200821    0.200821       0.002743
   309   -0.134061    0.200790    0.200790       0.002743
   310   -0.067121    0.200760    0.200760       0.002743
   311   -0.000181    0.200730    0.200730       0.002743
   312    0.066760    0.200700    0.200700       0.002743
   313    0.133700    0.200670    0.200670       0.002743
   314    0.200640    0.200640    0.200640       0.002743
   315    0.267580    0.200610    0.200610       0.002743
   316   -0.267971    0.267791    0.200821       0.002743
   317   -0.201031    0.267761    0.200790       0.002743
   318   -0.134091    0.267731    0.200760       0.002743
   319   -0.067151    0.267701    0.200730       0.002743
   320   -0.000211    0.267670    0.200700       0.002743
   321    0.066730    0.267640    0.200670       0.002743
   322    0.133670    0.267610    0.200640       0.002743
   323    0.200610    0.267580    0.200610       0.002743
   324    0.267550    0.267550    0.200580       0.002743
   325   -0.267761   -0.267761    0.268001       0.002743
   326   -0.200821   -0.267791    0.267971       0.002743
   327   -0.133880   -0.267821    0.267941       0.002743
   328   -0.066940   -0.267851    0.267911       0.002743
   329   -0.000000   -0.267881    0.267881       0.002743
   330    0.066940   -0.267911    0.267851       0.002743
   331    0.133880   -0.267941    0.267821       0.002743
   332    0.200821   -0.267971    0.267791       0.002743
   333    0.267761   -0.268001    0.267761       0.002743
   334   -0.267791   -0.200821    0.267971       0.002743
   335   -0.200851   -0.200851    0.267941       0.002743
   336   -0.133910   -0.200881    0.267911       0.002743
   337   -0.066970   -0.200911    0.267881       0.002743
   338   -0.000030   -0.200941    0.267851       0.002743
   339    0.066910   -0.200971    0.267821       0.002743
   340    0.133850   -0.201001    0.267791       0.002743
   341    0.200790   -0.201031    0.267761       0.002743
   342    0.267731   -0.201061    0.267731       0.002743
   343   -0.267821   -0.133880    0.267941       0.002743
   344   -0.200881   -0.133910    0.267911       0.002743
   345   -0.133941   -0.133941    0.267881       0.002743
   346   -0.067000   -0.133971    0.267851       0.002743
   347   -0.000060   -0.134001    0.267821       0.002743
   348    0.066880   -0.134031    0.267791       0.002743
   349    0.133820   -0.134061    0.267761       0.002743
   350    0.200760   -0.134091    0.267731       0.002743
   351    0.267701   -0.134121    0.267701       0.002743
   352   -0.267851   -0.066940    0.267911       0.002743
   353   -0.200911   -0.066970    0.267881       0.002743
   354   -0.133971   -0.067000    0.267851       0.002743
   355   -0.067030   -0.067030    0.267821       0.002743
   356   -0.000090   -0.067061    0.267791       0.002743
   357    0.066850   -0.067091    0.267761       0.002743
   358    0.133790   -0.067121    0.267731       0.002743
   359    0.200730   -0.067151    0.267701       0.002743
   360    0.267670   -0.067181    0.267670       0.002743
   361   -0.267881   -0.000000    0.267881       0.002743
   362   -0.200941   -0.000030    0.267851       0.002743
   363   -0.134001   -0.000060    0.267821       0.002743
   364   -0.067061   -0.000090    0.267791       0.002743
   365   -0.000120   -0.000120    0.267761       0.002743
   366    0.066820   -0.000150    0.267731       0.002743
   367    0.133760   -0.000181    0.267701       0.002743
   368    0.200700   -0.000211    0.267670       0.002743
   369    0.267640   -0.000241    0.267640       0.002743
   370   -0.267911    0.066940    0.267851       0.002743
   371   -0.200971    0.066910    0.267821       0.002743
   372   -0.134031    0.066880    0.267791       0.002743
   373   -0.067091    0.066850    0.267761       0.002743
   374   -0.000150    0.066820    0.267731       0.002743
   375    0.066790    0.066790    0.267701       0.002743
   376    0.133730    0.066760    0.267670       0.002743
   377    0.200670    0.066730    0.267640       0.002743
   378    0.267610    0.066699    0.267610       0.002743
   379   -0.267941    0.133880    0.267821       0.002743
   380   -0.201001    0.133850    0.267791       0.002743
   381   -0.134061    0.133820    0.267761       0.002743
   382   -0.067121    0.133790    0.267731       0.002743
   383   -0.000181    0.133760    0.267701       0.002743
   384    0.066760    0.133730    0.267670       0.002743
   385    0.133700    0.133700    0.267640       0.002743
   386    0.200640    0.133670    0.267610       0.002743
   387    0.267580    0.133640    0.267580       0.002743
   388   -0.267971    0.200821    0.267791       0.002743
   389   -0.201031    0.200790    0.267761       0.002743
   390   -0.134091    0.200760    0.267731       0.002743
   391   -0.067151    0.200730    0.267701       0.002743
   392   -0.000211    0.200700    0.267670       0.002743
   393    0.066730    0.200670    0.267640       0.002743
   394    0.133670    0.200640    0.267610       0.002743
   395    0.200610    0.200610    0.267580       0.002743
   396    0.267550    0.200580    0.267550       0.002743
   397   -0.268001    0.267761    0.267761       0.002743
   398   -0.201061    0.267731    0.267731       0.002743
   399   -0.134121    0.267701    0.267701       0.002743
   400   -0.067181    0.267670    0.267670       0.002743
   401   -0.000241    0.267640    0.267640       0.002743
   402    0.066699    0.267610    0.267610       0.002743
   403    0.133640    0.267580    0.267580       0.002743
   404    0.200580    0.267550    0.267550       0.002743
   405    0.267520    0.267520    0.267520       0.002743
