                -63.3531915104
         -0.000005670       0.000005812       0.000005806
          0.000005812      -0.000005670       0.000005808
          0.000005806       0.000005808      -0.000005671
 8
  1    14      -0.000443220      -0.000443456      -0.000442310  Si
  1    14       0.001405729       0.001405908       0.001405192  Si
  1    14       0.000775907       0.000775596       0.000412326  Si
  1    14      -0.000799659      -0.000798936      -0.001275037  Si
  1    14       0.000775808       0.000411661       0.000776084  Si
  1    14      -0.000799449      -0.001273734      -0.000799353  Si
  1    14       0.000412321       0.000775680       0.000776178  Si
  1    14      -0.001273701      -0.000799110      -0.000799809  Si
