                -75.7525547255
          0.000012441       0.000007387       0.000007388
          0.000007387       0.000012441       0.000007388
          0.000007388       0.000007388       0.000012441
           8
  1    14       0.001275312       0.001275338       0.001275734  Si
  1    14      -0.000895569      -0.000895432      -0.000895620  Si
  1    14       0.000935547       0.000935406       0.000900547  Si
  1    14      -0.001036674      -0.001036499      -0.001118158  Si
  1    14       0.000935728       0.000900303       0.000935284  Si
  1    14      -0.001036730      -0.001118432      -0.001036463  Si
  1    14       0.000900407       0.000935600       0.000935364  Si
  1    14      -0.001118390      -0.001036691      -0.001036558  Si
