                -75.7525478762
         -0.000001251      -0.000000885      -0.000000883
         -0.000000885      -0.000001251      -0.000000883
         -0.000000883      -0.000000883      -0.000001251
           8
  1    14      -0.000392118      -0.000391966      -0.000392230  Si
  1    14      -0.000954916      -0.000954906      -0.000953664  Si
  1    14       0.000954704       0.000954563      -0.000344334  Si
  1    14       0.000474070       0.000473971      -0.000977198  Si
  1    14       0.000954661      -0.000344032       0.000953671  Si
  1    14       0.000474037      -0.000977900       0.000474131  Si
  1    14      -0.000343989       0.000954777       0.000953844  Si
  1    14      -0.000977957       0.000474033       0.000473953  Si
