                -75.7515551708
          0.000040104       0.000004212       0.000004213
          0.000004212       0.000040103       0.000004212
          0.000004213       0.000004212       0.000040103
           8
  1    14      -0.001106462      -0.001106256      -0.001105901  Si
  1    14       0.000595571       0.000595334       0.000595592  Si
  1    14      -0.000568744      -0.000568654      -0.001042349  Si
  1    14       0.001474196       0.001474090       0.000076664  Si
  1    14      -0.000568968      -0.001042269      -0.000569066  Si
  1    14       0.001474252       0.000076769       0.001474129  Si
  1    14      -0.001042499      -0.000568968      -0.000568953  Si
  1    14       0.000076749       0.001474091       0.001474198  Si
