                -63.3532061263
         -0.000003889       0.000006058       0.000006059
          0.000006058      -0.000003889       0.000006061
          0.000006059       0.000006061      -0.000003889
 8
  1    14      -0.000373125      -0.000373430      -0.000373824  Si
  1    14       0.001195594       0.001195706       0.001196321  Si
  1    14       0.000972346       0.000972180       0.000246047  Si
  1    14      -0.000895085      -0.000894658      -0.001234398  Si
  1    14       0.000972270       0.000246828       0.000972438  Si
  1    14      -0.000894953      -0.001234162      -0.000894981  Si
  1    14       0.000246989       0.000971853       0.000972547  Si
  1    14      -0.001234487      -0.000894829      -0.000894813  Si
