# EIG2DOS: Utility for SIESTA to obtain the electronic density of states
#  E. Artacho, Apr 1999, A. Garcia, Apr 2012
# ------------------------------------------
# Eigenvalues read from si.EIG
# Using smearing parameter:   0.200
# Using    200 points in energy range
# Selected bands: 1 to: 104
# Emin, emax in file for selected band(s):    -17.5134300    114.1280600
# Nbands, Nspin, Nk   =    104     1   108
# E_F                 =    -5.3382 eV (NOT shifted)
# Broadening          =     0.2000 eV
#
#        E            N(up)  (=)   N(down)         Ntot
    -18.713430      0.000000      0.000000      0.000000
    -18.039855      0.000102      0.000102      0.000204
    -17.366279      0.346985      0.346985      0.693971
    -16.692704      0.786897      0.786897      1.573795
    -16.019129      1.256146      1.256146      2.512291
    -15.345553      1.450414      1.450414      2.900827
    -14.671978      1.233747      1.233747      2.467494
    -13.998403      1.618422      1.618422      3.236844
    -13.324827      0.004287      0.004287      0.008574
    -12.651252      1.923805      1.923805      3.847609
    -11.977677      1.591113      1.591113      3.182226
    -11.304101      1.158047      1.158047      2.316094
    -10.630526      1.174383      1.174383      2.348765
     -9.956951      1.643739      1.643739      3.287477
     -9.283375      2.175196      2.175196      4.350392
     -8.609800      2.949478      2.949478      5.898956
     -7.936225      2.524658      2.524658      5.049317
     -7.262649      2.815007      2.815007      5.630014
     -6.589074      1.617518      1.617518      3.235036
     -5.915499      0.395585      0.395585      0.791169
     -5.241923      0.012902      0.012902      0.025803
     -4.568348      0.598268      0.598268      1.196535
     -3.894773      1.686081      1.686081      3.372162
     -3.221197      2.175696      2.175696      4.351392
     -2.547622      2.959152      2.959152      5.918303
     -1.874047      3.466664      3.466664      6.933329
     -1.200472      2.563201      2.563201      5.126402
     -0.526896      2.860600      2.860600      5.721200
      0.146679      2.387374      2.387374      4.774747
      0.820254      1.545298      1.545298      3.090596
      1.493830      1.625472      1.625472      3.250944
      2.167405      2.526232      2.526232      5.052465
      2.840980      1.629654      1.629654      3.259307
      3.514556      2.286460      2.286460      4.572920
      4.188131      2.201608      2.201608      4.403216
      4.861706      1.520266      1.520266      3.040533
      5.535282      4.168294      4.168294      8.336589
      6.208857      0.870506      0.870506      1.741012
      6.882432      2.548593      2.548593      5.097185
      7.556008      2.430643      2.430643      4.861287
      8.229583      1.885882      1.885882      3.771764
      8.903158      3.675794      3.675794      7.351588
      9.576734      1.917130      1.917130      3.834259
     10.250309      2.108358      2.108358      4.216716
     10.923884      1.727726      1.727726      3.455452
     11.597460      3.342081      3.342081      6.684162
     12.271035      1.571956      1.571956      3.143912
     12.944610      1.851812      1.851812      3.703625
     13.618186      3.146010      3.146010      6.292019
     14.291761      1.895943      1.895943      3.791886
     14.965336      3.480994      3.480994      6.961987
     15.638912      1.284370      1.284370      2.568740
     16.312487      2.886929      2.886929      5.773858
     16.986062      2.052756      2.052756      4.105513
     17.659638      2.197534      2.197534      4.395068
     18.333213      1.816043      1.816043      3.632086
     19.006788      2.796274      2.796274      5.592548
     19.680364      1.140846      1.140846      2.281693
     20.353939      1.796987      1.796987      3.593975
     21.027514      1.557354      1.557354      3.114708
     21.701090      1.403957      1.403957      2.807914
     22.374665      2.689771      2.689771      5.379543
     23.048240      1.119857      1.119857      2.239715
     23.721816      1.088414      1.088414      2.176828
     24.395391      0.772351      0.772351      1.544702
     25.068966      0.577740      0.577740      1.155479
     25.742542      0.479958      0.479958      0.959915
     26.416117      1.224614      1.224614      2.449227
     27.089692      1.064522      1.064522      2.129044
     27.763268      0.493657      0.493657      0.987314
     28.436843      0.650458      0.650458      1.300915
     29.110418      0.621054      0.621054      1.242109
     29.783994      0.123082      0.123082      0.246165
     30.457569      0.016308      0.016308      0.032617
     31.131144      0.144062      0.144062      0.288125
     31.804719      0.213510      0.213510      0.427021
     32.478295      0.665496      0.665496      1.330992
     33.151870      0.694473      0.694473      1.388946
     33.825445      0.414529      0.414529      0.829058
     34.499021      0.144988      0.144988      0.289976
     35.172596      0.200658      0.200658      0.401317
     35.846171      0.748406      0.748406      1.496812
     36.519747      0.625003      0.625003      1.250005
     37.193322      0.000668      0.000668      0.001336
     37.866897      0.440565      0.440565      0.881129
     38.540473      0.087967      0.087967      0.175933
     39.214048      0.244655      0.244655      0.489310
     39.887623      0.270200      0.270200      0.540401
     40.561199      0.000067      0.000067      0.000133
     41.234774      0.924247      0.924247      1.848495
     41.908349      0.468486      0.468486      0.936972
     42.581925      0.000000      0.000000      0.000000
     43.255500      0.000000      0.000000      0.000000
     43.929075      0.368775      0.368775      0.737550
     44.602651      0.788530      0.788530      1.577060
     45.276226      0.269341      0.269341      0.538681
     45.949801      0.000079      0.000079      0.000159
     46.623377      0.288794      0.288794      0.577589
     47.296952      0.579094      0.579094      1.158187
     47.970527      0.172193      0.172193      0.344386
     48.644103      0.026002      0.026002      0.052004
     49.317678      0.329967      0.329967      0.659933
     49.991253      0.002474      0.002474      0.004948
     50.664829      0.134914      0.134914      0.269829
     51.338404      0.363250      0.363250      0.726500
     52.011979      0.275784      0.275784      0.551568
     52.685555      0.000042      0.000042      0.000083
     53.359130      0.000000      0.000000      0.000000
     54.032705      0.061219      0.061219      0.122439
     54.706281      0.715810      0.715810      1.431620
     55.379856      0.041797      0.041797      0.083594
     56.053431      0.416167      0.416167      0.832335
     56.727007      0.949658      0.949658      1.899316
     57.400582      0.511702      0.511702      1.023404
     58.074157      0.006913      0.006913      0.013826
     58.747733      0.401048      0.401048      0.802096
     59.421308      0.363718      0.363718      0.727435
     60.094883      0.575763      0.575763      1.151526
     60.768459      0.000003      0.000003      0.000006
     61.442034      0.314524      0.314524      0.629047
     62.115609      0.265674      0.265674      0.531348
     62.789185      0.083070      0.083070      0.166140
     63.462760      0.280189      0.280189      0.560378
     64.136335      1.127296      1.127296      2.254592
     64.809911      0.588196      0.588196      1.176391
     65.483486      0.085808      0.085808      0.171615
     66.157061      0.573077      0.573077      1.146155
     66.830636      0.000048      0.000048      0.000097
     67.504212      0.116715      0.116715      0.233429
     68.177787      0.698174      0.698174      1.396348
     68.851362      1.162703      1.162703      2.325405
     69.524938      0.098886      0.098886      0.197771
     70.198513      0.559536      0.559536      1.119071
     70.872088      0.059662      0.059662      0.119324
     71.545664      0.066487      0.066487      0.132975
     72.219239      0.143731      0.143731      0.287462
     72.892814      0.001854      0.001854      0.003708
     73.566390      0.963067      0.963067      1.926133
     74.239965      0.011923      0.011923      0.023845
     74.913540      0.000022      0.000022      0.000044
     75.587116      0.650086      0.650086      1.300172
     76.260691      0.143832      0.143832      0.287663
     76.934266      0.009799      0.009799      0.019599
     77.607842      0.000000      0.000000      0.000000
     78.281417      0.000003      0.000003      0.000007
     78.954992      0.312792      0.312792      0.625584
     79.628568      0.205968      0.205968      0.411937
     80.302143      0.000129      0.000129      0.000259
     80.975718      0.721203      0.721203      1.442406
     81.649294      0.557612      0.557612      1.115224
     82.322869      0.169515      0.169515      0.339031
     82.996444      0.000604      0.000604      0.001207
     83.670020      0.000000      0.000000      0.000000
     84.343595      0.007397      0.007397      0.014795
     85.017170      0.358876      0.358876      0.717752
     85.690746      0.000009      0.000009      0.000019
     86.364321      0.302637      0.302637      0.605274
     87.037896      0.999445      0.999445      1.998891
     87.711472      0.036502      0.036502      0.073004
     88.385047      0.015921      0.015921      0.031843
     89.058622      0.614069      0.614069      1.228138
     89.732198      0.000489      0.000489      0.000978
     90.405773      0.336558      0.336558      0.673116
     91.079348      0.060584      0.060584      0.121168
     91.752924      0.000000      0.000000      0.000000
     92.426499      0.000000      0.000000      0.000000
     93.100074      0.000000      0.000000      0.000000
     93.773650      0.162460      0.162460      0.324921
     94.447225      0.027095      0.027095      0.054189
     95.120800      0.018999      0.018999      0.037999
     95.794376      0.000000      0.000000      0.000000
     96.467951      0.000000      0.000000      0.000000
     97.141526      0.000000      0.000000      0.000000
     97.815102      0.000000      0.000000      0.000000
     98.488677      0.000000      0.000000      0.000000
     99.162252      0.000000      0.000000      0.000000
     99.835827      0.000000      0.000000      0.000000
    100.509403      0.000000      0.000000      0.000000
    101.182978      0.000000      0.000000      0.000000
    101.856553      0.000000      0.000000      0.000000
    102.530129      0.010197      0.010197      0.020394
    103.203704      0.005928      0.005928      0.011855
    103.877279      0.000000      0.000000      0.000000
    104.550855      0.000000      0.000000      0.000000
    105.224430      0.000000      0.000000      0.000000
    105.898005      0.000000      0.000000      0.000000
    106.571581      0.000000      0.000000      0.000000
    107.245156      0.000000      0.000000      0.000000
    107.918731      0.000000      0.000000      0.000000
    108.592307      0.000000      0.000000      0.000000
    109.265882      0.000000      0.000000      0.000000
    109.939457      0.000000      0.000000      0.000000
    110.613033      0.000000      0.000000      0.000000
    111.286608      0.000000      0.000000      0.000000
    111.960183      0.000000      0.000000      0.000000
    112.633759      0.000000      0.000000      0.000000
    113.307334      0.001491      0.001491      0.002982
    113.980909      0.076440      0.076440      0.152880
    114.654485      0.000077      0.000077      0.000153
    115.328060      0.000000      0.000000      0.000000
