                -63.3532537612
         -0.000008637       0.000001729       0.000001730
          0.000001729      -0.000008637       0.000001731
          0.000001730       0.000001731      -0.000008637
 8
  1    14      -0.000168480      -0.000167632      -0.000167587  Si
  1    14       0.001043100       0.001043321       0.001043203  Si
  1    14       0.000007802       0.000007625       0.000235074  Si
  1    14      -0.000330851      -0.000330437      -0.000378661  Si
  1    14       0.000008474       0.000235286       0.000007783  Si
  1    14      -0.000331169      -0.000379102      -0.000330733  Si
  1    14       0.000235920       0.000008264       0.000008061  Si
  1    14      -0.000379053      -0.000331538      -0.000331413  Si
