   196
     1   -0.261955   -0.261955    0.000083       0.002915
     2   -0.174623   -0.261969    0.000069       0.002915
     3   -0.087291   -0.261983    0.000056       0.002915
     4    0.000042   -0.261997    0.000042       0.002915
     5    0.087374   -0.262011    0.000028       0.002915
     6    0.174706   -0.262025    0.000014       0.002915
     7    0.262038   -0.262038   -0.000000       0.002915
     8   -0.261969   -0.174623    0.000069       0.002915
     9   -0.174637   -0.174637    0.000056       0.002915
    10   -0.087304   -0.174651    0.000042       0.002915
    11    0.000028   -0.174665    0.000028       0.002915
    12    0.087360   -0.174678    0.000014       0.002915
    13    0.174692   -0.174692   -0.000000       0.002915
    14    0.262025   -0.174706   -0.000014       0.002915
    15   -0.261983   -0.087291    0.000056       0.002915
    16   -0.174651   -0.087305    0.000042       0.002915
    17   -0.087318   -0.087318    0.000028       0.002915
    18    0.000014   -0.087332    0.000014       0.002915
    19    0.087346   -0.087346   -0.000000       0.002915
    20    0.174678   -0.087360   -0.000014       0.002915
    21    0.262011   -0.087374   -0.000028       0.002915
    22   -0.261997    0.000042    0.000042       0.002915
    23   -0.174665    0.000028    0.000028       0.002915
    24   -0.087332    0.000014    0.000014       0.002915
    25    0.000000    0.000000    0.000000       0.002915
    26    0.087332   -0.000014   -0.000014       0.002915
    27    0.174665   -0.000028   -0.000028       0.002915
    28    0.261997   -0.000042   -0.000042       0.002915
    29   -0.262011    0.087374    0.000028       0.002915
    30   -0.174678    0.087360    0.000014       0.002915
    31   -0.087346    0.087346    0.000000       0.002915
    32   -0.000014    0.087332   -0.000014       0.002915
    33    0.087318    0.087318   -0.000028       0.002915
    34    0.174651    0.087305   -0.000042       0.002915
    35    0.261983    0.087291   -0.000056       0.002915
    36   -0.262025    0.174706    0.000014       0.002915
    37   -0.174692    0.174692    0.000000       0.002915
    38   -0.087360    0.174678   -0.000014       0.002915
    39   -0.000028    0.174665   -0.000028       0.002915
    40    0.087304    0.174651   -0.000042       0.002915
    41    0.174637    0.174637   -0.000056       0.002915
    42    0.261969    0.174623   -0.000069       0.002915
    43   -0.262038    0.262038    0.000000       0.002915
    44   -0.174706    0.262025   -0.000014       0.002915
    45   -0.087374    0.262011   -0.000028       0.002915
    46   -0.000042    0.261997   -0.000042       0.002915
    47    0.087291    0.261983   -0.000056       0.002915
    48    0.174623    0.261969   -0.000069       0.002915
    49    0.261955    0.261955   -0.000083       0.002915
    50   -0.261969   -0.261969    0.087416       0.005831
    51   -0.174637   -0.261983    0.087402       0.005831
    52   -0.087305   -0.261997    0.087388       0.005831
    53    0.000028   -0.262011    0.087374       0.005831
    54    0.087360   -0.262025    0.087360       0.005831
    55    0.174692   -0.262038    0.087346       0.005831
    56    0.262025   -0.262052    0.087332       0.005831
    57   -0.261983   -0.174637    0.087402       0.005831
    58   -0.174651   -0.174651    0.087388       0.005831
    59   -0.087318   -0.174665    0.087374       0.005831
    60    0.000014   -0.174678    0.087360       0.005831
    61    0.087346   -0.174692    0.087346       0.005831
    62    0.174678   -0.174706    0.087332       0.005831
    63    0.262011   -0.174720    0.087318       0.005831
    64   -0.261997   -0.087305    0.087388       0.005831
    65   -0.174665   -0.087318    0.087374       0.005831
    66   -0.087332   -0.087332    0.087360       0.005831
    67   -0.000000   -0.087346    0.087346       0.005831
    68    0.087332   -0.087360    0.087332       0.005831
    69    0.174664   -0.087374    0.087318       0.005831
    70    0.261997   -0.087388    0.087304       0.005831
    71   -0.262011    0.000028    0.087374       0.005831
    72   -0.174678    0.000014    0.087360       0.005831
    73   -0.087346   -0.000000    0.087346       0.005831
    74   -0.000014   -0.000014    0.087332       0.005831
    75    0.087318   -0.000028    0.087318       0.005831
    76    0.174651   -0.000042    0.087304       0.005831
    77    0.261983   -0.000056    0.087291       0.005831
    78   -0.262025    0.087360    0.087360       0.005831
    79   -0.174692    0.087346    0.087346       0.005831
    80   -0.087360    0.087332    0.087332       0.005831
    81   -0.000028    0.087318    0.087318       0.005831
    82    0.087304    0.087304    0.087304       0.005831
    83    0.174637    0.087291    0.087291       0.005831
    84    0.261969    0.087277    0.087277       0.005831
    85   -0.262038    0.174692    0.087346       0.005831
    86   -0.174706    0.174678    0.087332       0.005831
    87   -0.087374    0.174665    0.087318       0.005831
    88   -0.000042    0.174651    0.087304       0.005831
    89    0.087291    0.174637    0.087291       0.005831
    90    0.174623    0.174623    0.087277       0.005831
    91    0.261955    0.174609    0.087263       0.005831
    92   -0.262052    0.262025    0.087332       0.005831
    93   -0.174720    0.262011    0.087318       0.005831
    94   -0.087388    0.261997    0.087304       0.005831
    95   -0.000056    0.261983    0.087291       0.005831
    96    0.087277    0.261969    0.087277       0.005831
    97    0.174609    0.261955    0.087263       0.005831
    98    0.261941    0.261941    0.087249       0.005831
    99   -0.261983   -0.261983    0.174748       0.005831
   100   -0.174651   -0.261997    0.174734       0.005831
   101   -0.087318   -0.262011    0.174720       0.005831
   102    0.000014   -0.262025    0.174706       0.005831
   103    0.087346   -0.262038    0.174692       0.005831
   104    0.174678   -0.262052    0.174678       0.005831
   105    0.262011   -0.262066    0.174664       0.005831
   106   -0.261997   -0.174651    0.174734       0.005831
   107   -0.174665   -0.174665    0.174720       0.005831
   108   -0.087332   -0.174678    0.174706       0.005831
   109   -0.000000   -0.174692    0.174692       0.005831
   110    0.087332   -0.174706    0.174678       0.005831
   111    0.174664   -0.174720    0.174664       0.005831
   112    0.261997   -0.174734    0.174651       0.005831
   113   -0.262011   -0.087318    0.174720       0.005831
   114   -0.174678   -0.087332    0.174706       0.005831
   115   -0.087346   -0.087346    0.174692       0.005831
   116   -0.000014   -0.087360    0.174678       0.005831
   117    0.087318   -0.087374    0.174664       0.005831
   118    0.174651   -0.087388    0.174651       0.005831
   119    0.261983   -0.087402    0.174637       0.005831
   120   -0.262025    0.000014    0.174706       0.005831
   121   -0.174692   -0.000000    0.174692       0.005831
   122   -0.087360   -0.000014    0.174678       0.005831
   123   -0.000028   -0.000028    0.174665       0.005831
   124    0.087304   -0.000042    0.174651       0.005831
   125    0.174637   -0.000056    0.174637       0.005831
   126    0.261969   -0.000069    0.174623       0.005831
   127   -0.262038    0.087346    0.174692       0.005831
   128   -0.174706    0.087332    0.174678       0.005831
   129   -0.087374    0.087318    0.174665       0.005831
   130   -0.000042    0.087304    0.174651       0.005831
   131    0.087291    0.087291    0.174637       0.005831
   132    0.174623    0.087277    0.174623       0.005831
   133    0.261955    0.087263    0.174609       0.005831
   134   -0.262052    0.174678    0.174678       0.005831
   135   -0.174720    0.174665    0.174665       0.005831
   136   -0.087388    0.174651    0.174651       0.005831
   137   -0.000056    0.174637    0.174637       0.005831
   138    0.087277    0.174623    0.174623       0.005831
   139    0.174609    0.174609    0.174609       0.005831
   140    0.261941    0.174595    0.174595       0.005831
   141   -0.262066    0.262011    0.174665       0.005831
   142   -0.174734    0.261997    0.174651       0.005831
   143   -0.087402    0.261983    0.174637       0.005831
   144   -0.000069    0.261969    0.174623       0.005831
   145    0.087263    0.261955    0.174609       0.005831
   146    0.174595    0.261941    0.174595       0.005831
   147    0.261927    0.261927    0.174581       0.005831
   148   -0.261997   -0.261997    0.262080       0.005831
   149   -0.174665   -0.262011    0.262066       0.005831
   150   -0.087332   -0.262025    0.262052       0.005831
   151   -0.000000   -0.262038    0.262038       0.005831
   152    0.087332   -0.262052    0.262025       0.005831
   153    0.174664   -0.262066    0.262011       0.005831
   154    0.261997   -0.262080    0.261997       0.005831
   155   -0.262011   -0.174665    0.262066       0.005831
   156   -0.174678   -0.174678    0.262052       0.005831
   157   -0.087346   -0.174692    0.262038       0.005831
   158   -0.000014   -0.174706    0.262025       0.005831
   159    0.087318   -0.174720    0.262011       0.005831
   160    0.174651   -0.174734    0.261997       0.005831
   161    0.261983   -0.174748    0.261983       0.005831
   162   -0.262025   -0.087332    0.262052       0.005831
   163   -0.174692   -0.087346    0.262038       0.005831
   164   -0.087360   -0.087360    0.262025       0.005831
   165   -0.000028   -0.087374    0.262011       0.005831
   166    0.087304   -0.087388    0.261997       0.005831
   167    0.174637   -0.087402    0.261983       0.005831
   168    0.261969   -0.087416    0.261969       0.005831
   169   -0.262038   -0.000000    0.262038       0.005831
   170   -0.174706   -0.000014    0.262025       0.005831
   171   -0.087374   -0.000028    0.262011       0.005831
   172   -0.000042   -0.000042    0.261997       0.005831
   173    0.087291   -0.000056    0.261983       0.005831
   174    0.174623   -0.000069    0.261969       0.005831
   175    0.261955   -0.000083    0.261955       0.005831
   176   -0.262052    0.087332    0.262025       0.005831
   177   -0.174720    0.087318    0.262011       0.005831
   178   -0.087388    0.087304    0.261997       0.005831
   179   -0.000056    0.087291    0.261983       0.005831
   180    0.087277    0.087277    0.261969       0.005831
   181    0.174609    0.087263    0.261955       0.005831
   182    0.261941    0.087249    0.261941       0.005831
   183   -0.262066    0.174664    0.262011       0.005831
   184   -0.174734    0.174651    0.261997       0.005831
   185   -0.087402    0.174637    0.261983       0.005831
   186   -0.000069    0.174623    0.261969       0.005831
   187    0.087263    0.174609    0.261955       0.005831
   188    0.174595    0.174595    0.261941       0.005831
   189    0.261927    0.174581    0.261927       0.005831
   190   -0.262080    0.261997    0.261997       0.005831
   191   -0.174748    0.261983    0.261983       0.005831
   192   -0.087416    0.261969    0.261969       0.005831
   193   -0.000083    0.261955    0.261955       0.005831
   194    0.087249    0.261941    0.261941       0.005831
   195    0.174581    0.261927    0.261927       0.005831
   196    0.261913    0.261913    0.261913       0.005831
