# EIG2DOS: Utility for SIESTA to obtain the electronic density of states
#  E. Artacho, Apr 1999, A. Garcia, Apr 2012
# ------------------------------------------
# Eigenvalues read from si.EIG
# Using smearing parameter:   0.200
# Using    200 points in energy range
# Selected bands: 1 to: 104
# Emin, emax in file for selected band(s):    -17.5935600    136.0770500
# Nbands, Nspin, Nk   =    104     1   172
# E_F                 =    -5.3717 eV (NOT shifted)
# Broadening          =     0.2000 eV
#
#        E            N(up)  (=)   N(down)         Ntot
    -18.793560      0.000000      0.000000      0.000000
    -18.009286      0.000407      0.000407      0.000815
    -17.225011      0.457858      0.457858      0.915717
    -16.440737      0.783716      0.783716      1.567431
    -15.656462      1.042557      1.042557      2.085114
    -14.872188      1.373342      1.373342      2.746685
    -14.087913      0.715077      0.715077      1.430154
    -13.303639      0.651531      0.651531      1.303062
    -12.519365      2.854454      2.854454      5.708907
    -11.735090      1.293938      1.293938      2.587876
    -10.950816      0.822976      0.822976      1.645951
    -10.166541      0.994999      0.994999      1.989998
     -9.382267      2.044067      2.044067      4.088135
     -8.597993      2.464903      2.464903      4.929806
     -7.813718      2.589924      2.589924      5.179848
     -7.029444      2.082995      2.082995      4.165989
     -6.245169      0.767858      0.767858      1.535717
     -5.460895      0.041360      0.041360      0.082719
     -4.676620      0.772588      0.772588      1.545176
     -3.892346      1.488336      1.488336      2.976671
     -3.108072      2.536543      2.536543      5.073085
     -2.323797      3.128597      3.128597      6.257195
     -1.539523      2.333295      2.333295      4.666590
     -0.755248      2.170811      2.170811      4.341623
      0.029026      1.965924      1.965924      3.931849
      0.813301      2.225883      2.225883      4.451765
      1.597575      1.634528      1.634528      3.269056
      2.381849      2.462290      2.462290      4.924581
      3.166124      1.556651      1.556651      3.113303
      3.950398      1.810662      1.810662      3.621324
      4.734673      1.946729      1.946729      3.893457
      5.518947      2.409335      2.409335      4.818670
      6.303222      1.382321      1.382321      2.764641
      7.087496      2.557497      2.557497      5.114995
      7.871770      2.392539      2.392539      4.785079
      8.656045      3.370669      3.370669      6.741337
      9.440319      1.879106      1.879106      3.758212
     10.224594      1.298324      1.298324      2.596648
     11.008868      1.718676      1.718676      3.437352
     11.793142      2.099366      2.099366      4.198731
     12.577417      2.251425      2.251425      4.502851
     13.361691      2.334525      2.334525      4.669051
     14.145966      2.787383      2.787383      5.574765
     14.930240      2.429103      2.429103      4.858207
     15.714515      2.541749      2.541749      5.083498
     16.498789      2.977276      2.977276      5.954553
     17.283063      2.721725      2.721725      5.443450
     18.067338      1.975399      1.975399      3.950798
     18.851612      1.632548      1.632548      3.265095
     19.635887      2.197341      2.197341      4.394682
     20.420161      2.244832      2.244832      4.489664
     21.204436      1.366382      1.366382      2.732765
     21.988710      2.567780      2.567780      5.135560
     22.772984      1.062348      1.062348      2.124695
     23.557259      0.925223      0.925223      1.850446
     24.341533      1.440503      1.440503      2.881005
     25.125808      0.567254      0.567254      1.134508
     25.910082      0.701097      0.701097      1.402194
     26.694356      0.621305      0.621305      1.242610
     27.478631      0.353950      0.353950      0.707901
     28.262905      0.671658      0.671658      1.343316
     29.047180      0.244161      0.244161      0.488323
     29.831454      0.856819      0.856819      1.713638
     30.615729      0.001303      0.001303      0.002606
     31.400003      0.419770      0.419770      0.839540
     32.184277      0.344083      0.344083      0.688166
     32.968552      0.475144      0.475144      0.950288
     33.752826      0.294912      0.294912      0.589824
     34.537101      0.204803      0.204803      0.409607
     35.321375      0.365375      0.365375      0.730751
     36.105650      0.449403      0.449403      0.898806
     36.889924      0.051631      0.051631      0.103262
     37.674198      0.276412      0.276412      0.552824
     38.458473      0.032210      0.032210      0.064420
     39.242747      0.271357      0.271357      0.542714
     40.027022      0.141821      0.141821      0.283642
     40.811296      0.155208      0.155208      0.310416
     41.595571      0.554500      0.554500      1.109000
     42.379845      0.179076      0.179076      0.358152
     43.164119      0.470407      0.470407      0.940813
     43.948394      0.054993      0.054993      0.109986
     44.732668      0.422977      0.422977      0.845955
     45.516943      0.106058      0.106058      0.212116
     46.301217      0.019964      0.019964      0.039929
     47.085491      0.001343      0.001343      0.002685
     47.869766      0.171465      0.171465      0.342930
     48.654040      0.079970      0.079970      0.159941
     49.438315      0.019593      0.019593      0.039186
     50.222589      0.480900      0.480900      0.961800
     51.006864      0.012748      0.012748      0.025497
     51.791138      0.321211      0.321211      0.642421
     52.575412      0.099887      0.099887      0.199773
     53.359687      0.260755      0.260755      0.521510
     54.143961      0.163465      0.163465      0.326931
     54.928236      0.000009      0.000009      0.000018
     55.712510      0.629516      0.629516      1.259031
     56.496785      0.541835      0.541835      1.083670
     57.281059      0.480600      0.480600      0.961200
     58.065333      1.072899      1.072899      2.145799
     58.849608      0.385265      0.385265      0.770530
     59.633882      0.149606      0.149606      0.299212
     60.418157      0.284252      0.284252      0.568504
     61.202431      0.128018      0.128018      0.256036
     61.986705      0.084782      0.084782      0.169565
     62.770980      0.396974      0.396974      0.793948
     63.555254      0.253910      0.253910      0.507819
     64.339529      0.378734      0.378734      0.757468
     65.123803      0.175757      0.175757      0.351514
     65.908078      0.870611      0.870611      1.741223
     66.692352      0.480351      0.480351      0.960703
     67.476626      0.747737      0.747737      1.495474
     68.260901      0.320536      0.320536      0.641072
     69.045175      0.982562      0.982562      1.965124
     69.829450      0.667054      0.667054      1.334108
     70.613724      0.246383      0.246383      0.492767
     71.397999      0.060999      0.060999      0.121997
     72.182273      0.205065      0.205065      0.410130
     72.966547      0.297736      0.297736      0.595472
     73.750822      0.894009      0.894009      1.788018
     74.535096      0.268849      0.268849      0.537697
     75.319371      0.080865      0.080865      0.161729
     76.103645      0.172923      0.172923      0.345846
     76.887919      0.000321      0.000321      0.000643
     77.672194      0.899097      0.899097      1.798195
     78.456468      0.111341      0.111341      0.222682
     79.240743      0.669975      0.669975      1.339950
     80.025017      0.014098      0.014098      0.028197
     80.809292      0.297629      0.297629      0.595258
     81.593566      0.238237      0.238237      0.476474
     82.377840      0.358238      0.358238      0.716475
     83.162115      0.194360      0.194360      0.388720
     83.946389      0.075661      0.075661      0.151322
     84.730664      0.121633      0.121633      0.243266
     85.514938      0.283657      0.283657      0.567314
     86.299213      0.261533      0.261533      0.523065
     87.083487      0.207197      0.207197      0.414394
     87.867761      0.035242      0.035242      0.070484
     88.652036      0.000002      0.000002      0.000005
     89.436310      0.161710      0.161710      0.323419
     90.220585      0.087003      0.087003      0.174006
     91.004859      0.454225      0.454225      0.908450
     91.789134      0.046623      0.046623      0.093246
     92.573408      0.128979      0.128979      0.257959
     93.357682      0.000000      0.000000      0.000000
     94.141957      0.000000      0.000000      0.000000
     94.926231      0.052961      0.052961      0.105923
     95.710506      0.195478      0.195478      0.390957
     96.494780      0.000000      0.000000      0.000000
     97.279054      0.023149      0.023149      0.046298
     98.063329      0.000588      0.000588      0.001175
     98.847603      0.003925      0.003925      0.007850
     99.631878      0.002294      0.002294      0.004587
    100.416152      0.000000      0.000000      0.000000
    101.200427      0.000000      0.000000      0.000000
    101.984701      0.000000      0.000000      0.000000
    102.768975      0.000000      0.000000      0.000000
    103.553250      0.000000      0.000000      0.000000
    104.337524      0.000001      0.000001      0.000002
    105.121799      0.050427      0.050427      0.100855
    105.906073      0.000000      0.000000      0.000000
    106.690348      0.000000      0.000000      0.000000
    107.474622      0.000000      0.000000      0.000000
    108.258896      0.000000      0.000000      0.000000
    109.043171      0.000000      0.000000      0.000000
    109.827445      0.000000      0.000000      0.000000
    110.611720      0.000000      0.000000      0.000000
    111.395994      0.000000      0.000000      0.000000
    112.180268      0.000000      0.000000      0.000000
    112.964543      0.000000      0.000000      0.000000
    113.748817      0.000000      0.000000      0.000000
    114.533092      0.000000      0.000000      0.000000
    115.317366      0.000000      0.000000      0.000000
    116.101641      0.000000      0.000000      0.000000
    116.885915      0.000000      0.000000      0.000000
    117.670189      0.000000      0.000000      0.000000
    118.454464      0.000000      0.000000      0.000000
    119.238738      0.000000      0.000000      0.000000
    120.023013      0.000000      0.000000      0.000000
    120.807287      0.000000      0.000000      0.000000
    121.591562      0.000000      0.000000      0.000000
    122.375836      0.000000      0.000000      0.000000
    123.160110      0.000000      0.000000      0.000000
    123.944385      0.000000      0.000000      0.000000
    124.728659      0.000000      0.000000      0.000000
    125.512934      0.045865      0.045865      0.091730
    126.297208      0.000536      0.000536      0.001072
    127.081483      0.000000      0.000000      0.000000
    127.865757      0.000000      0.000000      0.000000
    128.650031      0.000000      0.000000      0.000000
    129.434306      0.000000      0.000000      0.000000
    130.218580      0.000000      0.000000      0.000000
    131.002855      0.000000      0.000000      0.000000
    131.787129      0.000000      0.000000      0.000000
    132.571403      0.000000      0.000000      0.000000
    133.355678      0.000000      0.000000      0.000000
    134.139952      0.000000      0.000000      0.000000
    134.924227      0.000000      0.000000      0.000000
    135.708501      0.030010      0.030010      0.060021
    136.492776      0.000218      0.000218      0.000436
    137.277050      0.000000      0.000000      0.000000
