                -75.7525321010
          0.000002551      -0.000015120      -0.000015118
         -0.000015120       0.000002551      -0.000015118
         -0.000015118      -0.000015118       0.000002551
           8
  1    14      -0.000886804      -0.000886672      -0.000887382  Si
  1    14       0.000897539       0.000897508       0.000898362  Si
  1    14      -0.000277054      -0.000276988      -0.000274663  Si
  1    14       0.000800769       0.000800971      -0.000830541  Si
  1    14      -0.000276899      -0.000273805      -0.000277582  Si
  1    14       0.000800766      -0.000830704       0.000801464  Si
  1    14      -0.000273819      -0.000277048      -0.000277476  Si
  1    14      -0.000830677       0.000800902       0.000801537  Si
