   108
     1   -0.150679   -0.150679    0.049704       0.009259
     2   -0.050331   -0.150522    0.049860       0.009259
     3    0.050017   -0.150365    0.050017       0.009259
     4    0.150365   -0.150208    0.050174       0.009259
     5    0.250713   -0.150052    0.050331       0.009259
     6   -0.251027   -0.150836    0.049547       0.009259
     7   -0.150522   -0.050331    0.049860       0.009259
     8   -0.050174   -0.050174    0.050017       0.009259
     9    0.050174   -0.050017    0.050174       0.009259
    10    0.150522   -0.049860    0.050331       0.009259
    11    0.250870   -0.049704    0.050488       0.009259
    12   -0.250870   -0.050488    0.049704       0.009259
    13   -0.150365    0.050017    0.050017       0.009259
    14   -0.050017    0.050174    0.050174       0.009259
    15    0.050331    0.050331    0.050331       0.009259
    16    0.150679    0.050488    0.050488       0.009259
    17    0.251027    0.050645    0.050645       0.009259
    18   -0.250713    0.049860    0.049860       0.009259
    19   -0.150208    0.150365    0.050174       0.009259
    20   -0.049860    0.150522    0.050331       0.009259
    21    0.050488    0.150679    0.050488       0.009259
    22    0.150836    0.150836    0.050645       0.009259
    23    0.251184    0.150993    0.050801       0.009259
    24   -0.250557    0.150208    0.050017       0.009259
    25   -0.150052    0.250713    0.050331       0.009259
    26   -0.049704    0.250870    0.050488       0.009259
    27    0.050645    0.251027    0.050645       0.009259
    28    0.150993    0.251184    0.050801       0.009259
    29    0.251341    0.251341    0.050958       0.009259
    30   -0.250400    0.250557    0.050174       0.009259
    31   -0.150836   -0.251027    0.049547       0.009259
    32   -0.050488   -0.250870    0.049704       0.009259
    33    0.049860   -0.250713    0.049860       0.009259
    34    0.150208   -0.250557    0.050017       0.009259
    35    0.250557   -0.250400    0.050174       0.009259
    36   -0.251184   -0.251184    0.049390       0.009259
    37   -0.150522   -0.150522    0.150052       0.009259
    38   -0.050174   -0.150365    0.150208       0.009259
    39    0.050174   -0.150208    0.150365       0.009259
    40    0.150522   -0.150052    0.150522       0.009259
    41    0.250870   -0.149895    0.150679       0.009259
    42   -0.250870   -0.150679    0.149895       0.009259
    43   -0.150365   -0.050174    0.150208       0.009259
    44   -0.050017   -0.050017    0.150365       0.009259
    45    0.050331   -0.049860    0.150522       0.009259
    46    0.150679   -0.049704    0.150679       0.009259
    47    0.251027   -0.049547    0.150836       0.009259
    48   -0.250713   -0.050331    0.150052       0.009259
    49   -0.150209    0.050174    0.150365       0.009259
    50   -0.049860    0.050331    0.150522       0.009259
    51    0.050488    0.050488    0.150679       0.009259
    52    0.150836    0.050645    0.150836       0.009259
    53    0.251184    0.050801    0.150993       0.009259
    54   -0.250557    0.050017    0.150208       0.009259
    55   -0.150052    0.150522    0.150522       0.009259
    56   -0.049704    0.150679    0.150679       0.009259
    57    0.050645    0.150836    0.150836       0.009259
    58    0.150993    0.150993    0.150993       0.009259
    59    0.251341    0.151150    0.151150       0.009259
    60   -0.250400    0.150365    0.150365       0.009259
    61   -0.149895    0.250870    0.150679       0.009259
    62   -0.049547    0.251027    0.150836       0.009259
    63    0.050801    0.251184    0.150993       0.009259
    64    0.151150    0.251341    0.151150       0.009259
    65    0.251498    0.251498    0.151306       0.009259
    66   -0.250243    0.250713    0.150522       0.009259
    67   -0.150679   -0.250870    0.149895       0.009259
    68   -0.050331   -0.250713    0.150052       0.009259
    69    0.050017   -0.250557    0.150208       0.009259
    70    0.150365   -0.250400    0.150365       0.009259
    71    0.250713   -0.250243    0.150522       0.009259
    72   -0.251027   -0.251027    0.149738       0.009259
    73   -0.150365   -0.150365    0.250400       0.009259
    74   -0.050017   -0.150209    0.250557       0.009259
    75    0.050331   -0.150052    0.250713       0.009259
    76    0.150679   -0.149895    0.250870       0.009259
    77    0.251027   -0.149738    0.251027       0.009259
    78   -0.250713   -0.150522    0.250243       0.009259
    79   -0.150209   -0.050017    0.250557       0.009259
    80   -0.049860   -0.049860    0.250713       0.009259
    81    0.050488   -0.049704    0.250870       0.009259
    82    0.150836   -0.049547    0.251027       0.009259
    83    0.251184   -0.049390    0.251184       0.009259
    84   -0.250557   -0.050174    0.250400       0.009259
    85   -0.150052    0.050331    0.250713       0.009259
    86   -0.049704    0.050488    0.250870       0.009259
    87    0.050645    0.050645    0.251027       0.009259
    88    0.150993    0.050801    0.251184       0.009259
    89    0.251341    0.050958    0.251341       0.009259
    90   -0.250400    0.050174    0.250557       0.009259
    91   -0.149895    0.150679    0.250870       0.009259
    92   -0.049547    0.150836    0.251027       0.009259
    93    0.050801    0.150993    0.251184       0.009259
    94    0.151150    0.151150    0.251341       0.009259
    95    0.251498    0.151306    0.251498       0.009259
    96   -0.250243    0.150522    0.250713       0.009259
    97   -0.149738    0.251027    0.251027       0.009259
    98   -0.049390    0.251184    0.251184       0.009259
    99    0.050958    0.251341    0.251341       0.009259
   100    0.151306    0.251498    0.251498       0.009259
   101    0.251654    0.251654    0.251654       0.009259
   102   -0.250086    0.250870    0.250870       0.009259
   103   -0.150522   -0.250713    0.250243       0.009259
   104   -0.050174   -0.250557    0.250400       0.009259
   105    0.050174   -0.250400    0.250557       0.009259
   106    0.150522   -0.250243    0.250713       0.009259
   107    0.250870   -0.250086    0.250870       0.009259
   108   -0.250870   -0.250870    0.250086       0.009259
