                -63.3530976923
          0.000020916       0.000003713       0.000003710
          0.000003713       0.000020916       0.000003710
          0.000003710       0.000003710       0.000020916
           8
  1    14       0.000892218       0.000892276       0.000892651  Si
  1    14       0.001265018       0.001264952       0.001264011  Si
  1    14      -0.001408349      -0.001408336       0.000967000  Si
  1    14      -0.000853345      -0.000853342       0.001122052  Si
  1    14      -0.001407693       0.000966885      -0.001407310  Si
  1    14      -0.000853461       0.001122103      -0.000853722  Si
  1    14       0.000966858      -0.001407747      -0.001407286  Si
  1    14       0.001122177      -0.000853358      -0.000853656  Si
