                -75.7526770794
          0.000006933      -0.000010787      -0.000010786
         -0.000010787       0.000006933      -0.000010786
         -0.000010786      -0.000010786       0.000006933
           8
  1    14      -0.001067073      -0.001066917      -0.001067506  Si
  1    14       0.000529624       0.000529731       0.000529446  Si
  1    14      -0.000321753      -0.000321598      -0.000959160  Si
  1    14       0.001159138       0.001159200      -0.000169944  Si
  1    14      -0.000321250      -0.000958916      -0.000321655  Si
  1    14       0.001158995      -0.000170738       0.001159820  Si
  1    14      -0.000959080      -0.000321064      -0.000321610  Si
  1    14      -0.000170590       0.001159080       0.001159736  Si
