                -63.3532299062
          0.000009352       0.000002987       0.000002986
          0.000002987       0.000009352       0.000002986
          0.000002986       0.000002986       0.000009350
           8
  1    14      -0.000378785      -0.000378733      -0.000378162  Si
  1    14       0.001079063       0.001078973       0.001078733  Si
  1    14      -0.000498757      -0.000498729      -0.000124304  Si
  1    14       0.000499329       0.000499342      -0.000571026  Si
  1    14      -0.000498909      -0.000124610      -0.000498419  Si
  1    14       0.000499160      -0.000570675       0.000498841  Si
  1    14      -0.000124935      -0.000498935      -0.000498309  Si
  1    14      -0.000570740       0.000499197       0.000498996  Si
