   108
     1   -0.152621   -0.152621    0.051047       0.009259
     2   -0.050839   -0.152673    0.050995       0.009259
     3    0.050943   -0.152725    0.050943       0.009259
     4    0.152725   -0.152776    0.050891       0.009259
     5    0.254506   -0.152828    0.050839       0.009259
     6   -0.254402   -0.152569    0.051098       0.009259
     7   -0.152673   -0.050839    0.050995       0.009259
     8   -0.050891   -0.050891    0.050943       0.009259
     9    0.050891   -0.050943    0.050891       0.009259
    10    0.152673   -0.050995    0.050839       0.009259
    11    0.254454   -0.051047    0.050787       0.009259
    12   -0.254454   -0.050787    0.051047       0.009259
    13   -0.152725    0.050943    0.050943       0.009259
    14   -0.050943    0.050891    0.050891       0.009259
    15    0.050839    0.050839    0.050839       0.009259
    16    0.152621    0.050787    0.050787       0.009259
    17    0.254402    0.050735    0.050735       0.009259
    18   -0.254506    0.050995    0.050995       0.009259
    19   -0.152776    0.152725    0.050891       0.009259
    20   -0.050995    0.152673    0.050839       0.009259
    21    0.050787    0.152621    0.050787       0.009259
    22    0.152569    0.152569    0.050735       0.009259
    23    0.254351    0.152517    0.050683       0.009259
    24   -0.254558    0.152776    0.050943       0.009259
    25   -0.152828    0.254506    0.050839       0.009259
    26   -0.051047    0.254454    0.050787       0.009259
    27    0.050735    0.254402    0.050735       0.009259
    28    0.152517    0.254351    0.050683       0.009259
    29    0.254299    0.254299    0.050631       0.009259
    30   -0.254610    0.254558    0.050891       0.009259
    31   -0.152569   -0.254402    0.051098       0.009259
    32   -0.050787   -0.254454    0.051047       0.009259
    33    0.050995   -0.254506    0.050995       0.009259
    34    0.152776   -0.254558    0.050943       0.009259
    35    0.254558   -0.254610    0.050891       0.009259
    36   -0.254351   -0.254351    0.051150       0.009259
    37   -0.152673   -0.152673    0.152828       0.009259
    38   -0.050891   -0.152725    0.152776       0.009259
    39    0.050891   -0.152776    0.152725       0.009259
    40    0.152673   -0.152828    0.152673       0.009259
    41    0.254454   -0.152880    0.152621       0.009259
    42   -0.254454   -0.152621    0.152880       0.009259
    43   -0.152725   -0.050891    0.152776       0.009259
    44   -0.050943   -0.050943    0.152725       0.009259
    45    0.050839   -0.050995    0.152673       0.009259
    46    0.152621   -0.051047    0.152621       0.009259
    47    0.254402   -0.051098    0.152569       0.009259
    48   -0.254506   -0.050839    0.152828       0.009259
    49   -0.152776    0.050891    0.152725       0.009259
    50   -0.050995    0.050839    0.152673       0.009259
    51    0.050787    0.050787    0.152621       0.009259
    52    0.152569    0.050735    0.152569       0.009259
    53    0.254351    0.050683    0.152517       0.009259
    54   -0.254558    0.050943    0.152776       0.009259
    55   -0.152828    0.152673    0.152673       0.009259
    56   -0.051047    0.152621    0.152621       0.009259
    57    0.050735    0.152569    0.152569       0.009259
    58    0.152517    0.152517    0.152517       0.009259
    59    0.254299    0.152465    0.152465       0.009259
    60   -0.254610    0.152725    0.152725       0.009259
    61   -0.152880    0.254454    0.152621       0.009259
    62   -0.051098    0.254402    0.152569       0.009259
    63    0.050683    0.254351    0.152517       0.009259
    64    0.152465    0.254299    0.152465       0.009259
    65    0.254247    0.254247    0.152413       0.009259
    66   -0.254662    0.254506    0.152673       0.009259
    67   -0.152621   -0.254454    0.152880       0.009259
    68   -0.050839   -0.254506    0.152828       0.009259
    69    0.050943   -0.254558    0.152776       0.009259
    70    0.152725   -0.254610    0.152725       0.009259
    71    0.254506   -0.254662    0.152673       0.009259
    72   -0.254402   -0.254402    0.152932       0.009259
    73   -0.152725   -0.152725    0.254610       0.009259
    74   -0.050943   -0.152776    0.254558       0.009259
    75    0.050839   -0.152828    0.254506       0.009259
    76    0.152621   -0.152880    0.254454       0.009259
    77    0.254402   -0.152932    0.254403       0.009259
    78   -0.254506   -0.152673    0.254662       0.009259
    79   -0.152776   -0.050943    0.254558       0.009259
    80   -0.050995   -0.050995    0.254506       0.009259
    81    0.050787   -0.051047    0.254454       0.009259
    82    0.152569   -0.051098    0.254403       0.009259
    83    0.254351   -0.051150    0.254351       0.009259
    84   -0.254558   -0.050891    0.254610       0.009259
    85   -0.152828    0.050839    0.254506       0.009259
    86   -0.051047    0.050787    0.254454       0.009259
    87    0.050735    0.050735    0.254403       0.009259
    88    0.152517    0.050683    0.254351       0.009259
    89    0.254299    0.050631    0.254299       0.009259
    90   -0.254610    0.050891    0.254558       0.009259
    91   -0.152880    0.152621    0.254454       0.009259
    92   -0.051098    0.152569    0.254403       0.009259
    93    0.050683    0.152517    0.254351       0.009259
    94    0.152465    0.152465    0.254299       0.009259
    95    0.254247    0.152413    0.254247       0.009259
    96   -0.254662    0.152673    0.254506       0.009259
    97   -0.152932    0.254402    0.254403       0.009259
    98   -0.051150    0.254351    0.254351       0.009259
    99    0.050631    0.254299    0.254299       0.009259
   100    0.152413    0.254247    0.254247       0.009259
   101    0.254195    0.254195    0.254195       0.009259
   102   -0.254714    0.254454    0.254454       0.009259
   103   -0.152673   -0.254506    0.254662       0.009259
   104   -0.050891   -0.254558    0.254610       0.009259
   105    0.050891   -0.254610    0.254558       0.009259
   106    0.152673   -0.254662    0.254506       0.009259
   107    0.254454   -0.254714    0.254454       0.009259
   108   -0.254454   -0.254454    0.254714       0.009259
