                -63.3532592703
         -0.000005152       0.000005017       0.000005017
          0.000005017      -0.000005164       0.000005082
          0.000005017       0.000005082      -0.000005162
 8
  1    14      -0.000597210      -0.000614882      -0.000615366  Si
  1    14       0.001370096       0.001374145       0.001375058  Si
  1    14       0.000595651       0.000585396       0.000270883  Si
  1    14      -0.000596281      -0.000594172      -0.000963047  Si
  1    14       0.000594049       0.000270741       0.000585149  Si
  1    14      -0.000595512      -0.000961504      -0.000593372  Si
  1    14       0.000269826       0.000587936       0.000588512  Si
  1    14      -0.000978999      -0.000585854      -0.000586513  Si
