                -63.3531973502
         -0.000005160       0.000006298       0.000006301
          0.000006298      -0.000005160       0.000006301
          0.000006301       0.000006301      -0.000005160
 8
  1    14      -0.000452690      -0.000452820      -0.000453266  Si
  1    14       0.001340474       0.001340350       0.001341244  Si
  1    14       0.000916391       0.000916555       0.000432959  Si
  1    14      -0.000930052      -0.000929967      -0.001314444  Si
  1    14       0.000916561       0.000433899       0.000916560  Si
  1    14      -0.000930204      -0.001314909      -0.000929853  Si
  1    14       0.000433913       0.000916580       0.000916498  Si
  1    14      -0.001314750      -0.000930150      -0.000929746  Si
