# EIG2DOS: Utility for SIESTA to obtain the electronic density of states
#  E. Artacho, Apr 1999, A. Garcia, Apr 2012
# ------------------------------------------
# Eigenvalues read from si.EIG
# Using smearing parameter:   0.200
# Using    200 points in energy range
# Selected bands: 1 to: 104
# Emin, emax in file for selected band(s):    -17.5179200    114.0853300
# Nbands, Nspin, Nk   =    104     1   108
# E_F                 =    -5.3392 eV (NOT shifted)
# Broadening          =     0.2000 eV
#
#        E            N(up)  (=)   N(down)         Ntot
    -18.717920      0.000000      0.000000      0.000000
    -18.044537      0.000102      0.000102      0.000203
    -17.371154      0.346523      0.346523      0.693047
    -16.697771      0.785516      0.785516      1.571032
    -16.024387      1.253544      1.253544      2.507087
    -15.351004      1.451409      1.451409      2.902819
    -14.677621      1.246986      1.246986      2.493971
    -14.004238      1.618319      1.618319      3.236638
    -13.330855      0.003945      0.003945      0.007889
    -12.657472      1.928160      1.928160      3.856320
    -11.984088      1.613518      1.613518      3.227035
    -11.310705      1.184273      1.184273      2.368547
    -10.637322      1.173411      1.173411      2.346821
     -9.963939      1.623684      1.623684      3.247368
     -9.290556      2.148945      2.148945      4.297890
     -8.617173      2.947517      2.947517      5.895035
     -7.943789      2.524564      2.524564      5.049128
     -7.270406      2.823628      2.823628      5.647256
     -6.597023      1.626309      1.626309      3.252617
     -5.923640      0.399817      0.399817      0.799634
     -5.250257      0.011338      0.011338      0.022676
     -4.576874      0.583702      0.583702      1.167404
     -3.903490      1.678172      1.678172      3.356344
     -3.230107      2.161554      2.161554      4.323108
     -2.556724      2.937463      2.937463      5.874925
     -1.883341      3.499172      3.499172      6.998345
     -1.209958      2.532439      2.532439      5.064878
     -0.536575      2.901502      2.901502      5.803004
      0.136809      2.297883      2.297883      4.595766
      0.810192      1.551103      1.551103      3.102206
      1.483575      1.616069      1.616069      3.232138
      2.156958      2.663680      2.663680      5.327360
      2.830341      1.671171      1.671171      3.342343
      3.503724      2.298209      2.298209      4.596418
      4.177108      2.287193      2.287193      4.574386
      4.850491      1.557126      1.557126      3.114252
      5.523874      4.099664      4.099664      8.199329
      6.197257      0.837568      0.837568      1.675135
      6.870640      2.423191      2.423191      4.846381
      7.544023      2.393849      2.393849      4.787699
      8.217407      1.911198      1.911198      3.822396
      8.890790      3.752024      3.752024      7.504047
      9.564173      1.977728      1.977728      3.955456
     10.237556      2.126646      2.126646      4.253291
     10.910939      1.566769      1.566769      3.133538
     11.584322      3.334603      3.334603      6.669206
     12.257706      1.491466      1.491466      2.982931
     12.931089      1.821354      1.821354      3.642708
     13.604472      3.250051      3.250051      6.500102
     14.277855      1.955686      1.955686      3.911373
     14.951238      3.406511      3.406511      6.813023
     15.624621      1.251774      1.251774      2.503548
     16.298005      2.776911      2.776911      5.553823
     16.971388      2.037177      2.037177      4.074355
     17.644771      2.116048      2.116048      4.232096
     18.318154      1.713593      1.713593      3.427186
     18.991537      2.763261      2.763261      5.526522
     19.664920      1.225683      1.225683      2.451367
     20.338304      1.795361      1.795361      3.590722
     21.011687      1.615668      1.615668      3.231337
     21.685070      1.382403      1.382403      2.764805
     22.358453      2.573118      2.573118      5.146237
     23.031836      1.158937      1.158937      2.317874
     23.705219      0.999785      0.999785      1.999570
     24.378603      0.748669      0.748669      1.497339
     25.051986      0.539111      0.539111      1.078221
     25.725369      0.594470      0.594470      1.188940
     26.398752      1.232795      1.232795      2.465590
     27.072135      1.048834      1.048834      2.097668
     27.745518      0.536365      0.536365      1.072731
     28.418902      0.620854      0.620854      1.241707
     29.092285      0.704522      0.704522      1.409045
     29.765668      0.082137      0.082137      0.164274
     30.439051      0.028303      0.028303      0.056607
     31.112434      0.186203      0.186203      0.372406
     31.785817      0.242085      0.242085      0.484170
     32.459201      0.536664      0.536664      1.073329
     33.132584      0.727588      0.727588      1.455175
     33.805967      0.458203      0.458203      0.916406
     34.479350      0.103765      0.103765      0.207530
     35.152733      0.125981      0.125981      0.251963
     35.826116      0.796495      0.796495      1.592990
     36.499500      0.687733      0.687733      1.375467
     37.172883      0.000198      0.000198      0.000396
     37.846266      0.548798      0.548798      1.097595
     38.519649      0.044887      0.044887      0.089774
     39.193032      0.400659      0.400659      0.801318
     39.866415      0.208402      0.208402      0.416804
     40.539799      0.000188      0.000188      0.000376
     41.213182      0.854350      0.854350      1.708700
     41.886565      0.714944      0.714944      1.429889
     42.559948      0.000001      0.000001      0.000001
     43.233331      0.000000      0.000000      0.000000
     43.906714      0.188701      0.188701      0.377401
     44.580098      0.603146      0.603146      1.206292
     45.253481      0.183374      0.183374      0.366749
     45.926864      0.000550      0.000550      0.001100
     46.600247      0.313220      0.313220      0.626441
     47.273630      0.460185      0.460185      0.920369
     47.947013      0.130440      0.130440      0.260879
     48.620397      0.010046      0.010046      0.020092
     49.293780      0.394619      0.394619      0.789237
     49.967163      0.000414      0.000414      0.000827
     50.640546      0.237319      0.237319      0.474638
     51.313929      0.361222      0.361222      0.722444
     51.987312      0.140208      0.140208      0.280415
     52.660696      0.000917      0.000917      0.001835
     53.334079      0.000000      0.000000      0.000000
     54.007462      0.016451      0.016451      0.032901
     54.680845      1.080292      1.080292      2.160585
     55.354228      0.022712      0.022712      0.045424
     56.027611      0.391834      0.391834      0.783669
     56.700995      0.936926      0.936926      1.873852
     57.374378      0.531586      0.531586      1.063171
     58.047761      0.026496      0.026496      0.052992
     58.721144      0.681846      0.681846      1.363691
     59.394527      0.422265      0.422265      0.844530
     60.067910      0.616601      0.616601      1.233202
     60.741294      0.000142      0.000142      0.000284
     61.414677      0.120780      0.120780      0.241560
     62.088060      0.255380      0.255380      0.510761
     62.761443      0.204407      0.204407      0.408815
     63.434826      0.284409      0.284409      0.568817
     64.108209      1.127367      1.127367      2.254734
     64.781593      0.568055      0.568055      1.136110
     65.454976      0.038737      0.038737      0.077473
     66.128359      0.690637      0.690637      1.381274
     66.801742      0.000820      0.000820      0.001639
     67.475125      0.045293      0.045293      0.090585
     68.148508      0.833812      0.833812      1.667625
     68.821892      1.069542      1.069542      2.139084
     69.495275      0.163752      0.163752      0.327503
     70.168658      0.566224      0.566224      1.132449
     70.842041      0.110890      0.110890      0.221779
     71.515424      0.045841      0.045841      0.091683
     72.188807      0.070606      0.070606      0.141212
     72.862191      0.004771      0.004771      0.009542
     73.535574      1.079283      1.079283      2.158565
     74.208957      0.128178      0.128178      0.256357
     74.882340      0.000004      0.000004      0.000008
     75.555723      0.505102      0.505102      1.010204
     76.229106      0.126546      0.126546      0.253093
     76.902490      0.016830      0.016830      0.033659
     77.575873      0.000000      0.000000      0.000000
     78.249256      0.000001      0.000001      0.000003
     78.922639      0.300906      0.300906      0.601811
     79.596022      0.273443      0.273443      0.546887
     80.269405      0.000026      0.000026      0.000053
     80.942789      0.741359      0.741359      1.482718
     81.616172      0.722461      0.722461      1.444921
     82.289555      0.166557      0.166557      0.333114
     82.962938      0.002817      0.002817      0.005634
     83.636321      0.000000      0.000000      0.000000
     84.309704      0.004143      0.004143      0.008286
     84.983088      0.312557      0.312557      0.625114
     85.656471      0.000127      0.000127      0.000254
     86.329854      0.154982      0.154982      0.309964
     87.003237      1.217367      1.217367      2.434735
     87.676620      0.014096      0.014096      0.028192
     88.350003      0.050104      0.050104      0.100209
     89.023387      0.384138      0.384138      0.768277
     89.696770      0.004045      0.004045      0.008090
     90.370153      0.326670      0.326670      0.653340
     91.043536      0.091182      0.091182      0.182364
     91.716919      0.000000      0.000000      0.000000
     92.390302      0.000000      0.000000      0.000000
     93.063686      0.000000      0.000000      0.000000
     93.737069      0.007031      0.007031      0.014061
     94.410452      0.159503      0.159503      0.319005
     95.083835      0.062041      0.062041      0.124081
     95.757218      0.000000      0.000000      0.000000
     96.430601      0.000000      0.000000      0.000000
     97.103985      0.000000      0.000000      0.000000
     97.777368      0.000000      0.000000      0.000000
     98.450751      0.000000      0.000000      0.000000
     99.124134      0.000000      0.000000      0.000000
     99.797517      0.000000      0.000000      0.000000
    100.470900      0.000000      0.000000      0.000000
    101.144284      0.000000      0.000000      0.000000
    101.817667      0.000000      0.000000      0.000000
    102.491050      0.002630      0.002630      0.005261
    103.164433      0.021618      0.021618      0.043235
    103.837816      0.000000      0.000000      0.000000
    104.511199      0.000000      0.000000      0.000000
    105.184583      0.000000      0.000000      0.000000
    105.857966      0.000000      0.000000      0.000000
    106.531349      0.000000      0.000000      0.000000
    107.204732      0.000000      0.000000      0.000000
    107.878115      0.000000      0.000000      0.000000
    108.551498      0.000000      0.000000      0.000000
    109.224882      0.000000      0.000000      0.000000
    109.898265      0.000000      0.000000      0.000000
    110.571648      0.000000      0.000000      0.000000
    111.245031      0.000000      0.000000      0.000000
    111.918414      0.000000      0.000000      0.000000
    112.591797      0.000000      0.000000      0.000000
    113.265181      0.013956      0.013956      0.027913
    113.938564      0.050741      0.050741      0.101481
    114.611947      0.000076      0.000076      0.000153
    115.285330      0.000000      0.000000      0.000000
