                -63.3531667530
          0.000002296       0.000006485       0.000006488
          0.000006485       0.000002296       0.000006488
          0.000006488       0.000006488       0.000002296
           8
  1    14       0.001510589       0.001510478       0.001509614  Si
  1    14      -0.000653699      -0.000653682      -0.000652658  Si
  1    14       0.000412199       0.000411935      -0.000734241  Si
  1    14      -0.000148025      -0.000147960      -0.000844575  Si
  1    14       0.000412489      -0.000733718       0.000411120  Si
  1    14      -0.000148080      -0.000845587      -0.000147025  Si
  1    14      -0.000733635       0.000412408       0.000411075  Si
  1    14      -0.000845782      -0.000148030      -0.000147136  Si
