                -63.3532345379
          0.000005488      -0.000013260      -0.000013262
         -0.000013260       0.000005488      -0.000013262
         -0.000013262      -0.000013262       0.000005488
           8
  1    14      -0.000967434      -0.000967320      -0.000967335  Si
  1    14       0.000576615       0.000576674       0.000576293  Si
  1    14      -0.000340089      -0.000339937      -0.000875314  Si
  1    14       0.000988092       0.000988050       0.000057700  Si
  1    14      -0.000340252      -0.000875393      -0.000339954  Si
  1    14       0.000987900       0.000058322       0.000987486  Si
  1    14      -0.000875330      -0.000340199      -0.000339852  Si
  1    14       0.000058421       0.000987829       0.000987447  Si
