                -63.3526342063
          0.000039327      -0.000000416      -0.000000417
         -0.000000416       0.000039327      -0.000000416
         -0.000000417      -0.000000416       0.000039328
           8
  1    14      -0.000550742      -0.000550747      -0.000550228  Si
  1    14       0.000367139       0.000367290       0.000367681  Si
  1    14      -0.000546537      -0.000546661      -0.000445312  Si
  1    14       0.000878534       0.000878595      -0.000149032  Si
  1    14      -0.000546548      -0.000445709      -0.000547068  Si
  1    14       0.000878426      -0.000149333       0.000878238  Si
  1    14      -0.000445802      -0.000546785      -0.000547038  Si
  1    14      -0.000149303       0.000878486       0.000878159  Si
