                -75.7525969135
         -0.000007396       0.000004159       0.000004158
          0.000004159      -0.000007395       0.000004158
          0.000004158       0.000004158      -0.000007396
           8
  1    14       0.000651377       0.000651214       0.000651603  Si
  1    14      -0.000294682      -0.000294747      -0.000294810  Si
  1    14      -0.000124859      -0.000124862      -0.000670825  Si
  1    14       0.000013308       0.000013346       0.000382108  Si
  1    14      -0.000125250      -0.000671307      -0.000125095  Si
  1    14       0.000013564       0.000382367       0.000013702  Si
  1    14      -0.000671405      -0.000125422      -0.000125071  Si
  1    14       0.000382323       0.000013503       0.000013726  Si
