                -75.7519299783
         -0.000001331       0.000000344       0.000000346
          0.000000344      -0.000001331       0.000000346
          0.000000346       0.000000346      -0.000001330
 8
  1    14      -0.000293498      -0.000293346      -0.000293655  Si
  1    14      -0.000994953      -0.000994716      -0.000993634  Si
  1    14       0.000975856       0.000975636      -0.000273614  Si
  1    14       0.000366421       0.000366530      -0.001039863  Si
  1    14       0.000975561      -0.000273259       0.000974841  Si
  1    14       0.000366313      -0.001040734       0.000366950  Si
  1    14      -0.000273175       0.000975506       0.000974739  Si
  1    14      -0.001040674       0.000366438       0.000366706  Si
