                -63.3531556904
          0.000012950      -0.000017317      -0.000017318
         -0.000017317       0.000012950      -0.000017319
         -0.000017318      -0.000017319       0.000012950
           8
  1    14      -0.000954877      -0.000954649      -0.000954351  Si
  1    14       0.001019089       0.001019113       0.001018618  Si
  1    14      -0.000452231      -0.000452118      -0.000615551  Si
  1    14       0.000863413       0.000863272      -0.000223543  Si
  1    14      -0.000451836      -0.000615467      -0.000451665  Si
  1    14       0.000863221      -0.000223455       0.000862700  Si
  1    14      -0.000615645      -0.000451751      -0.000451510  Si
  1    14      -0.000223277       0.000863001       0.000862739  Si
