   108
     1   -0.152824   -0.152824    0.050429       0.009259
     2   -0.051044   -0.152670    0.050582       0.009259
     3    0.050736   -0.152516    0.050736       0.009259
     4    0.152516   -0.152362    0.050890       0.009259
     5    0.254296   -0.152209    0.051044       0.009259
     6   -0.254604   -0.152978    0.050275       0.009259
     7   -0.152670   -0.051044    0.050582       0.009259
     8   -0.050890   -0.050890    0.050736       0.009259
     9    0.050890   -0.050736    0.050890       0.009259
    10    0.152670   -0.050582    0.051044       0.009259
    11    0.254450   -0.050429    0.051198       0.009259
    12   -0.254450   -0.051198    0.050429       0.009259
    13   -0.152516    0.050736    0.050736       0.009259
    14   -0.050736    0.050890    0.050890       0.009259
    15    0.051044    0.051044    0.051044       0.009259
    16    0.152824    0.051198    0.051198       0.009259
    17    0.254604    0.051351    0.051351       0.009259
    18   -0.254296    0.050582    0.050582       0.009259
    19   -0.152362    0.152516    0.050890       0.009259
    20   -0.050582    0.152670    0.051044       0.009259
    21    0.051198    0.152824    0.051198       0.009259
    22    0.152978    0.152978    0.051351       0.009259
    23    0.254758    0.153131    0.051505       0.009259
    24   -0.254142    0.152362    0.050736       0.009259
    25   -0.152209    0.254296    0.051044       0.009259
    26   -0.050429    0.254450    0.051198       0.009259
    27    0.051351    0.254604    0.051351       0.009259
    28    0.153131    0.254758    0.051505       0.009259
    29    0.254912    0.254912    0.051659       0.009259
    30   -0.253989    0.254143    0.050890       0.009259
    31   -0.152978   -0.254604    0.050275       0.009259
    32   -0.051198   -0.254450    0.050429       0.009259
    33    0.050582   -0.254296    0.050582       0.009259
    34    0.152362   -0.254142    0.050736       0.009259
    35    0.254143   -0.253989    0.050890       0.009259
    36   -0.254758   -0.254758    0.050121       0.009259
    37   -0.152670   -0.152670    0.152209       0.009259
    38   -0.050890   -0.152516    0.152362       0.009259
    39    0.050890   -0.152362    0.152516       0.009259
    40    0.152670   -0.152209    0.152670       0.009259
    41    0.254450   -0.152055    0.152824       0.009259
    42   -0.254450   -0.152824    0.152055       0.009259
    43   -0.152516   -0.050890    0.152362       0.009259
    44   -0.050736   -0.050736    0.152516       0.009259
    45    0.051044   -0.050582    0.152670       0.009259
    46    0.152824   -0.050429    0.152824       0.009259
    47    0.254604   -0.050275    0.152978       0.009259
    48   -0.254296   -0.051044    0.152209       0.009259
    49   -0.152362    0.050890    0.152516       0.009259
    50   -0.050582    0.051044    0.152670       0.009259
    51    0.051198    0.051198    0.152824       0.009259
    52    0.152978    0.051351    0.152978       0.009259
    53    0.254758    0.051505    0.153131       0.009259
    54   -0.254142    0.050736    0.152362       0.009259
    55   -0.152209    0.152670    0.152670       0.009259
    56   -0.050429    0.152824    0.152824       0.009259
    57    0.051351    0.152978    0.152978       0.009259
    58    0.153131    0.153131    0.153131       0.009259
    59    0.254912    0.153285    0.153285       0.009259
    60   -0.253989    0.152516    0.152516       0.009259
    61   -0.152055    0.254450    0.152824       0.009259
    62   -0.050275    0.254604    0.152978       0.009259
    63    0.051505    0.254758    0.153131       0.009259
    64    0.153285    0.254912    0.153285       0.009259
    65    0.255065    0.255065    0.153439       0.009259
    66   -0.253835    0.254296    0.152670       0.009259
    67   -0.152824   -0.254450    0.152055       0.009259
    68   -0.051044   -0.254296    0.152209       0.009259
    69    0.050736   -0.254142    0.152362       0.009259
    70    0.152516   -0.253989    0.152516       0.009259
    71    0.254296   -0.253835    0.152670       0.009259
    72   -0.254604   -0.254604    0.151901       0.009259
    73   -0.152516   -0.152516    0.253989       0.009259
    74   -0.050736   -0.152362    0.254142       0.009259
    75    0.051044   -0.152209    0.254296       0.009259
    76    0.152824   -0.152055    0.254450       0.009259
    77    0.254604   -0.151901    0.254604       0.009259
    78   -0.254296   -0.152670    0.253835       0.009259
    79   -0.152362   -0.050736    0.254142       0.009259
    80   -0.050582   -0.050582    0.254296       0.009259
    81    0.051198   -0.050429    0.254450       0.009259
    82    0.152978   -0.050275    0.254604       0.009259
    83    0.254758   -0.050121    0.254758       0.009259
    84   -0.254142   -0.050890    0.253989       0.009259
    85   -0.152209    0.051044    0.254296       0.009259
    86   -0.050429    0.051198    0.254450       0.009259
    87    0.051351    0.051351    0.254604       0.009259
    88    0.153131    0.051505    0.254758       0.009259
    89    0.254912    0.051659    0.254912       0.009259
    90   -0.253989    0.050890    0.254142       0.009259
    91   -0.152055    0.152824    0.254450       0.009259
    92   -0.050275    0.152978    0.254604       0.009259
    93    0.051505    0.153131    0.254758       0.009259
    94    0.153285    0.153285    0.254912       0.009259
    95    0.255065    0.153439    0.255065       0.009259
    96   -0.253835    0.152670    0.254296       0.009259
    97   -0.151901    0.254604    0.254604       0.009259
    98   -0.050121    0.254758    0.254758       0.009259
    99    0.051659    0.254912    0.254912       0.009259
   100    0.153439    0.255065    0.255065       0.009259
   101    0.255219    0.255219    0.255219       0.009259
   102   -0.253681    0.254450    0.254450       0.009259
   103   -0.152670   -0.254296    0.253835       0.009259
   104   -0.050890   -0.254142    0.253989       0.009259
   105    0.050890   -0.253989    0.254142       0.009259
   106    0.152670   -0.253835    0.254296       0.009259
   107    0.254450   -0.253681    0.254450       0.009259
   108   -0.254450   -0.254450    0.253681       0.009259
