                -75.7526048748
          0.000001250       0.000000378       0.000000378
          0.000000378       0.000001250       0.000000378
          0.000000378       0.000000378       0.000001250
           8
  1    14       0.000065999       0.000066046       0.000066427  Si
  1    14      -0.000175743      -0.000175496      -0.000175727  Si
  1    14       0.000166963       0.000167101      -0.000797502  Si
  1    14       0.000133780       0.000133705      -0.000001056  Si
  1    14       0.000167433      -0.000797610       0.000167272  Si
  1    14       0.000133663      -0.000000781       0.000133696  Si
  1    14      -0.000797643       0.000167478       0.000167352  Si
  1    14      -0.000000843       0.000133597       0.000133827  Si
