   108
     1   -0.150588   -0.150588    0.050184       0.009259
     2   -0.050198   -0.150584    0.050187       0.009259
     3    0.050191   -0.150580    0.050191       0.009259
     4    0.150580   -0.150576    0.050195       0.009259
     5    0.250969   -0.150573    0.050198       0.009259
     6   -0.250977   -0.150591    0.050180       0.009259
     7   -0.150584   -0.050198    0.050187       0.009259
     8   -0.050195   -0.050195    0.050191       0.009259
     9    0.050195   -0.050191    0.050195       0.009259
    10    0.150584   -0.050187    0.050198       0.009259
    11    0.250973   -0.050184    0.050202       0.009259
    12   -0.250973   -0.050202    0.050184       0.009259
    13   -0.150580    0.050191    0.050191       0.009259
    14   -0.050191    0.050195    0.050195       0.009259
    15    0.050198    0.050198    0.050198       0.009259
    16    0.150588    0.050202    0.050202       0.009259
    17    0.250977    0.050206    0.050206       0.009259
    18   -0.250969    0.050187    0.050187       0.009259
    19   -0.150576    0.150580    0.050195       0.009259
    20   -0.050187    0.150584    0.050198       0.009259
    21    0.050202    0.150588    0.050202       0.009259
    22    0.150591    0.150591    0.050206       0.009259
    23    0.250980    0.150595    0.050209       0.009259
    24   -0.250966    0.150576    0.050191       0.009259
    25   -0.150573    0.250969    0.050198       0.009259
    26   -0.050184    0.250973    0.050202       0.009259
    27    0.050206    0.250977    0.050206       0.009259
    28    0.150595    0.250980    0.050209       0.009259
    29    0.250984    0.250984    0.050213       0.009259
    30   -0.250962    0.250966    0.050195       0.009259
    31   -0.150591   -0.250977    0.050180       0.009259
    32   -0.050202   -0.250973    0.050184       0.009259
    33    0.050187   -0.250969    0.050187       0.009259
    34    0.150576   -0.250966    0.050191       0.009259
    35    0.250966   -0.250962    0.050195       0.009259
    36   -0.250980   -0.250980    0.050176       0.009259
    37   -0.150584   -0.150584    0.150573       0.009259
    38   -0.050195   -0.150580    0.150576       0.009259
    39    0.050195   -0.150576    0.150580       0.009259
    40    0.150584   -0.150573    0.150584       0.009259
    41    0.250973   -0.150569    0.150588       0.009259
    42   -0.250973   -0.150588    0.150569       0.009259
    43   -0.150580   -0.050195    0.150576       0.009259
    44   -0.050191   -0.050191    0.150580       0.009259
    45    0.050198   -0.050187    0.150584       0.009259
    46    0.150588   -0.050184    0.150588       0.009259
    47    0.250977   -0.050180    0.150591       0.009259
    48   -0.250969   -0.050198    0.150573       0.009259
    49   -0.150576    0.050195    0.150580       0.009259
    50   -0.050187    0.050198    0.150584       0.009259
    51    0.050202    0.050202    0.150588       0.009259
    52    0.150591    0.050206    0.150591       0.009259
    53    0.250980    0.050209    0.150595       0.009259
    54   -0.250966    0.050191    0.150576       0.009259
    55   -0.150573    0.150584    0.150584       0.009259
    56   -0.050184    0.150588    0.150588       0.009259
    57    0.050206    0.150591    0.150591       0.009259
    58    0.150595    0.150595    0.150595       0.009259
    59    0.250984    0.150599    0.150599       0.009259
    60   -0.250962    0.150580    0.150580       0.009259
    61   -0.150569    0.250973    0.150588       0.009259
    62   -0.050180    0.250977    0.150591       0.009259
    63    0.050209    0.250980    0.150595       0.009259
    64    0.150599    0.250984    0.150599       0.009259
    65    0.250988    0.250988    0.150602       0.009259
    66   -0.250958    0.250969    0.150584       0.009259
    67   -0.150588   -0.250973    0.150569       0.009259
    68   -0.050198   -0.250969    0.150573       0.009259
    69    0.050191   -0.250966    0.150576       0.009259
    70    0.150580   -0.250962    0.150580       0.009259
    71    0.250969   -0.250958    0.150584       0.009259
    72   -0.250977   -0.250977    0.150565       0.009259
    73   -0.150580   -0.150580    0.250962       0.009259
    74   -0.050191   -0.150576    0.250966       0.009259
    75    0.050198   -0.150573    0.250969       0.009259
    76    0.150588   -0.150569    0.250973       0.009259
    77    0.250977   -0.150565    0.250977       0.009259
    78   -0.250969   -0.150584    0.250958       0.009259
    79   -0.150576   -0.050191    0.250966       0.009259
    80   -0.050187   -0.050187    0.250969       0.009259
    81    0.050202   -0.050184    0.250973       0.009259
    82    0.150591   -0.050180    0.250977       0.009259
    83    0.250980   -0.050176    0.250980       0.009259
    84   -0.250966   -0.050195    0.250962       0.009259
    85   -0.150573    0.050198    0.250969       0.009259
    86   -0.050184    0.050202    0.250973       0.009259
    87    0.050206    0.050206    0.250977       0.009259
    88    0.150595    0.050209    0.250980       0.009259
    89    0.250984    0.050213    0.250984       0.009259
    90   -0.250962    0.050195    0.250966       0.009259
    91   -0.150569    0.150588    0.250973       0.009259
    92   -0.050180    0.150591    0.250977       0.009259
    93    0.050209    0.150595    0.250980       0.009259
    94    0.150599    0.150599    0.250984       0.009259
    95    0.250988    0.150602    0.250988       0.009259
    96   -0.250958    0.150584    0.250969       0.009259
    97   -0.150565    0.250977    0.250977       0.009259
    98   -0.050176    0.250980    0.250980       0.009259
    99    0.050213    0.250984    0.250984       0.009259
   100    0.150602    0.250988    0.250988       0.009259
   101    0.250992    0.250992    0.250992       0.009259
   102   -0.250955    0.250973    0.250973       0.009259
   103   -0.150584   -0.250969    0.250958       0.009259
   104   -0.050195   -0.250966    0.250962       0.009259
   105    0.050195   -0.250962    0.250966       0.009259
   106    0.150584   -0.250958    0.250969       0.009259
   107    0.250973   -0.250955    0.250973       0.009259
   108   -0.250973   -0.250973    0.250955       0.009259
