                -73.6736349458
         -0.014857233      -0.000820013      -0.000820011
         -0.000820013      -0.014857242      -0.000820017
         -0.000820012      -0.000820017      -0.014857244
           8
  1    14       0.018775867       0.018774088       0.018771034  Si
  1    14       0.344540023       0.344538241       0.344539856  Si
  1    14      -0.072996843      -0.073000881       0.311826964  Si
  1    14      -0.198793348      -0.198791889      -0.131703234  Si
  1    14      -0.072992213       0.311830354      -0.072996415  Si
  1    14      -0.198797163      -0.131701626      -0.198789331  Si
  1    14       0.311831392      -0.072990995      -0.072993967  Si
  1    14      -0.131700130      -0.198791000      -0.198789943  Si
