   256
     1   -0.355098    0.020627    0.020627       0.003906
     2   -0.290103    0.085622   -0.039620       0.003906
     3   -0.225108    0.150617   -0.099866       0.003906
     4   -0.160113    0.215612   -0.160113       0.003906
     5   -0.095118    0.280607   -0.220360       0.003906
     6   -0.030123    0.345602   -0.280607       0.003906
     7    0.034872    0.410597   -0.340854       0.003906
     8   -0.420093   -0.044368    0.080874       0.003906
     9   -0.290103   -0.039620    0.085622       0.003906
    10   -0.225108    0.025375    0.025375       0.003906
    11   -0.160113    0.090370   -0.034871       0.003906
    12   -0.095118    0.155365   -0.095118       0.003906
    13   -0.030123    0.220360   -0.155365       0.003906
    14    0.034872    0.285355   -0.215612       0.003906
    15    0.099866    0.350350   -0.275859       0.003906
    16   -0.355098   -0.104614    0.145869       0.003906
    17   -0.225108   -0.099866    0.150617       0.003906
    18   -0.160113   -0.034871    0.090370       0.003906
    19   -0.095118    0.030123    0.030123       0.003906
    20   -0.030123    0.095118   -0.030123       0.003906
    21    0.034872    0.160113   -0.090370       0.003906
    22    0.099866    0.225108   -0.150617       0.003906
    23    0.164861    0.290103   -0.210864       0.003906
    24   -0.290103   -0.164861    0.210864       0.003906
    25   -0.160113   -0.160113    0.215612       0.003906
    26   -0.095118   -0.095118    0.155365       0.003906
    27   -0.030123   -0.030123    0.095118       0.003906
    28    0.034871    0.034872    0.034872       0.003906
    29    0.099866    0.099866   -0.025375       0.003906
    30    0.164861    0.164861   -0.085622       0.003906
    31    0.229856    0.229856   -0.145869       0.003906
    32   -0.225108   -0.225108    0.275859       0.003906
    33   -0.095118   -0.220360    0.280607       0.003906
    34   -0.030123   -0.155365    0.220360       0.003906
    35    0.034871   -0.090370    0.160113       0.003906
    36    0.099866   -0.025375    0.099866       0.003906
    37    0.164861    0.039620    0.039620       0.003906
    38    0.229856    0.104614   -0.020627       0.003906
    39    0.294851    0.169609   -0.080874       0.003906
    40   -0.160113   -0.285355    0.340854       0.003906
    41   -0.030123   -0.280607    0.345602       0.003906
    42    0.034871   -0.215612    0.285355       0.003906
    43    0.099866   -0.150617    0.225108       0.003906
    44    0.164861   -0.085622    0.164861       0.003906
    45    0.229856   -0.020627    0.104614       0.003906
    46    0.294851    0.044368    0.044368       0.003906
    47    0.359846    0.109363   -0.015879       0.003906
    48   -0.095118   -0.345602    0.405849       0.003906
    49    0.034871   -0.340854    0.410597       0.003906
    50    0.099866   -0.275859    0.350350       0.003906
    51    0.164861   -0.210864    0.290103       0.003906
    52    0.229856   -0.145869    0.229856       0.003906
    53    0.294851   -0.080874    0.169609       0.003906
    54    0.359846   -0.015879    0.109363       0.003906
    55    0.424841    0.049116    0.049116       0.003906
    56   -0.030123   -0.405849    0.470844       0.003906
    57   -0.420093    0.080874   -0.044368       0.003906
    58   -0.355098    0.145869   -0.104614       0.003906
    59   -0.290103    0.210864   -0.164861       0.003906
    60   -0.225108    0.275859   -0.225108       0.003906
    61   -0.160113    0.340854   -0.285355       0.003906
    62   -0.095118    0.405849   -0.345602       0.003906
    63   -0.030123    0.470844   -0.405849       0.003906
    64   -0.485088    0.015879    0.015879       0.003906
    65   -0.415345    0.085622    0.085622       0.003906
    66   -0.350350    0.150617    0.025375       0.003906
    67   -0.285355    0.215612   -0.034871       0.003906
    68   -0.220360    0.280607   -0.095118       0.003906
    69   -0.155365    0.345602   -0.155365       0.003906
    70   -0.090370    0.410597   -0.215612       0.003906
    71   -0.025375    0.475592   -0.275859       0.003906
    72   -0.480340    0.020627    0.145869       0.003906
    73   -0.350350    0.025375    0.150617       0.003906
    74   -0.285355    0.090370    0.090370       0.003906
    75   -0.220360    0.155365    0.030123       0.003906
    76   -0.155365    0.220360   -0.030123       0.003906
    77   -0.090370    0.285355   -0.090370       0.003906
    78   -0.025375    0.350350   -0.150617       0.003906
    79    0.039620    0.415345   -0.210864       0.003906
    80   -0.415345   -0.039620    0.210864       0.003906
    81   -0.285355   -0.034871    0.215612       0.003906
    82   -0.220360    0.030123    0.155365       0.003906
    83   -0.155365    0.095118    0.095118       0.003906
    84   -0.090370    0.160113    0.034872       0.003906
    85   -0.025375    0.225108   -0.025375       0.003906
    86    0.039620    0.290103   -0.085622       0.003906
    87    0.104615    0.355098   -0.145869       0.003906
    88   -0.350350   -0.099866    0.275859       0.003906
    89   -0.220360   -0.095118    0.280607       0.003906
    90   -0.155365   -0.030123    0.220360       0.003906
    91   -0.090370    0.034872    0.160113       0.003906
    92   -0.025375    0.099866    0.099866       0.003906
    93    0.039620    0.164861    0.039620       0.003906
    94    0.104615    0.229856   -0.020627       0.003906
    95    0.169609    0.294851   -0.080874       0.003906
    96   -0.285355   -0.160113    0.340854       0.003906
    97   -0.155365   -0.155365    0.345602       0.003906
    98   -0.090370   -0.090370    0.285355       0.003906
    99   -0.025375   -0.025375    0.225108       0.003906
   100    0.039620    0.039620    0.164861       0.003906
   101    0.104614    0.104615    0.104615       0.003906
   102    0.169609    0.169609    0.044368       0.003906
   103    0.234604    0.234604   -0.015879       0.003906
   104   -0.220360   -0.220360    0.405849       0.003906
   105   -0.090370   -0.215612    0.410597       0.003906
   106   -0.025375   -0.150617    0.350350       0.003906
   107    0.039620   -0.085622    0.290103       0.003906
   108    0.104614   -0.020627    0.229856       0.003906
   109    0.169609    0.044368    0.169609       0.003906
   110    0.234604    0.109363    0.109363       0.003906
   111    0.299599    0.174357    0.049116       0.003906
   112   -0.155365   -0.280607    0.470844       0.003906
   113   -0.025375   -0.275859    0.475592       0.003906
   114    0.039620   -0.210864    0.415345       0.003906
   115    0.104614   -0.145869    0.355098       0.003906
   116    0.169609   -0.080874    0.294851       0.003906
   117    0.234604   -0.015879    0.234604       0.003906
   118    0.299599    0.049116    0.174357       0.003906
   119    0.364594    0.114111    0.114111       0.003906
   120   -0.090370   -0.340854    0.535839       0.003906
   121   -0.480340    0.145869    0.020627       0.003906
   122   -0.415345    0.210864   -0.039620       0.003906
   123   -0.350350    0.275859   -0.099866       0.003906
   124   -0.285355    0.340854   -0.160113       0.003906
   125   -0.220360    0.405849   -0.220360       0.003906
   126   -0.155365    0.470844   -0.280607       0.003906
   127   -0.090370    0.535839   -0.340854       0.003906
   128   -0.545335    0.080874    0.080874       0.003906
   129   -0.475592    0.150617    0.150617       0.003906
   130   -0.410597    0.215612    0.090370       0.003906
   131   -0.345602    0.280607    0.030123       0.003906
   132   -0.280607    0.345602   -0.030123       0.003906
   133   -0.215612    0.410597   -0.090370       0.003906
   134   -0.150617    0.475592   -0.150617       0.003906
   135   -0.085622    0.540587   -0.210864       0.003906
   136   -0.540587    0.085622    0.210864       0.003906
   137   -0.410597    0.090370    0.215612       0.003906
   138   -0.345602    0.155365    0.155365       0.003906
   139   -0.280607    0.220360    0.095118       0.003906
   140   -0.215612    0.285355    0.034872       0.003906
   141   -0.150617    0.350350   -0.025375       0.003906
   142   -0.085622    0.415345   -0.085622       0.003906
   143   -0.020627    0.480340   -0.145869       0.003906
   144   -0.475592    0.025375    0.275859       0.003906
   145   -0.345602    0.030123    0.280607       0.003906
   146   -0.280607    0.095118    0.220360       0.003906
   147   -0.215612    0.160113    0.160113       0.003906
   148   -0.150617    0.225108    0.099866       0.003906
   149   -0.085622    0.290103    0.039620       0.003906
   150   -0.020627    0.355098   -0.020627       0.003906
   151    0.044368    0.420093   -0.080874       0.003906
   152   -0.410597   -0.034871    0.340854       0.003906
   153   -0.280607   -0.030123    0.345602       0.003906
   154   -0.215612    0.034872    0.285355       0.003906
   155   -0.150617    0.099866    0.225108       0.003906
   156   -0.085622    0.164861    0.164861       0.003906
   157   -0.020627    0.229856    0.104615       0.003906
   158    0.044368    0.294851    0.044368       0.003906
   159    0.109363    0.359846   -0.015879       0.003906
   160   -0.345602   -0.095118    0.405849       0.003906
   161   -0.215612   -0.090370    0.410597       0.003906
   162   -0.150617   -0.025375    0.350350       0.003906
   163   -0.085622    0.039620    0.290103       0.003906
   164   -0.020627    0.104615    0.229856       0.003906
   165    0.044368    0.169609    0.169609       0.003906
   166    0.109363    0.234604    0.109363       0.003906
   167    0.174357    0.299599    0.049116       0.003906
   168   -0.280607   -0.155365    0.470844       0.003906
   169   -0.150617   -0.150617    0.475592       0.003906
   170   -0.085622   -0.085622    0.415345       0.003906
   171   -0.020627   -0.020627    0.355098       0.003906
   172    0.044368    0.044368    0.294851       0.003906
   173    0.109363    0.109363    0.234604       0.003906
   174    0.174357    0.174358    0.174358       0.003906
   175    0.239352    0.239352    0.114111       0.003906
   176   -0.215612   -0.215612    0.535839       0.003906
   177   -0.085622   -0.210864    0.540587       0.003906
   178   -0.020627   -0.145869    0.480340       0.003906
   179    0.044368   -0.080874    0.420093       0.003906
   180    0.109363   -0.015879    0.359846       0.003906
   181    0.174357    0.049116    0.299599       0.003906
   182    0.239352    0.114111    0.239352       0.003906
   183    0.304347    0.179106    0.179106       0.003906
   184   -0.150617   -0.275859    0.600834       0.003906
   185   -0.540587    0.210864    0.085622       0.003906
   186   -0.475592    0.275859    0.025375       0.003906
   187   -0.410597    0.340854   -0.034871       0.003906
   188   -0.345602    0.405849   -0.095118       0.003906
   189   -0.280607    0.470844   -0.155365       0.003906
   190   -0.215612    0.535839   -0.215612       0.003906
   191   -0.150617    0.600834   -0.275859       0.003906
   192   -0.605582    0.145869    0.145869       0.003906
   193   -0.535839    0.215612    0.215612       0.003906
   194   -0.470844    0.280607    0.155365       0.003906
   195   -0.405849    0.345602    0.095118       0.003906
   196   -0.340854    0.410597    0.034872       0.003906
   197   -0.275859    0.475592   -0.025375       0.003906
   198   -0.210864    0.540587   -0.085622       0.003906
   199   -0.145869    0.605582   -0.145869       0.003906
   200   -0.600834    0.150617    0.275859       0.003906
   201   -0.470844    0.155365    0.280607       0.003906
   202   -0.405849    0.220360    0.220360       0.003906
   203   -0.340854    0.285355    0.160113       0.003906
   204   -0.275859    0.350350    0.099866       0.003906
   205   -0.210864    0.415345    0.039620       0.003906
   206   -0.145869    0.480340   -0.020627       0.003906
   207   -0.080874    0.545335   -0.080874       0.003906
   208   -0.535839    0.090370    0.340854       0.003906
   209   -0.405849    0.095118    0.345602       0.003906
   210   -0.340854    0.160113    0.285355       0.003906
   211   -0.275859    0.225108    0.225108       0.003906
   212   -0.210864    0.290103    0.164861       0.003906
   213   -0.145869    0.355098    0.104615       0.003906
   214   -0.080874    0.420093    0.044368       0.003906
   215   -0.015879    0.485088   -0.015879       0.003906
   216   -0.470844    0.030124    0.405849       0.003906
   217   -0.340854    0.034872    0.410597       0.003906
   218   -0.275859    0.099866    0.350350       0.003906
   219   -0.210864    0.164861    0.290103       0.003906
   220   -0.145869    0.229856    0.229856       0.003906
   221   -0.080874    0.294851    0.169609       0.003906
   222   -0.015879    0.359846    0.109363       0.003906
   223    0.049116    0.424841    0.049116       0.003906
   224   -0.405849   -0.030123    0.470844       0.003906
   225   -0.275859   -0.025375    0.475592       0.003906
   226   -0.210864    0.039620    0.415345       0.003906
   227   -0.145869    0.104615    0.355098       0.003906
   228   -0.080874    0.169609    0.294851       0.003906
   229   -0.015879    0.234604    0.234604       0.003906
   230    0.049116    0.299599    0.174358       0.003906
   231    0.114111    0.364594    0.114111       0.003906
   232   -0.340854   -0.090370    0.535839       0.003906
   233   -0.210864   -0.085622    0.540587       0.003906
   234   -0.145869   -0.020627    0.480340       0.003906
   235   -0.080874    0.044368    0.420093       0.003906
   236   -0.015879    0.109363    0.359846       0.003906
   237    0.049116    0.174358    0.299599       0.003906
   238    0.114111    0.239352    0.239352       0.003906
   239    0.179106    0.304347    0.179106       0.003906
   240   -0.275859   -0.150617    0.600834       0.003906
   241   -0.145869   -0.145869    0.605582       0.003906
   242   -0.080874   -0.080874    0.545335       0.003906
   243   -0.015879   -0.015879    0.485088       0.003906
   244    0.049116    0.049116    0.424841       0.003906
   245    0.114111    0.114111    0.364594       0.003906
   246    0.179106    0.179106    0.304347       0.003906
   247    0.244100    0.244101    0.244101       0.003906
   248   -0.210864   -0.210864    0.665829       0.003906
   249   -0.600834    0.275859    0.150617       0.003906
   250   -0.535839    0.340854    0.090370       0.003906
   251   -0.470844    0.405849    0.030124       0.003906
   252   -0.405849    0.470844   -0.030123       0.003906
   253   -0.340854    0.535839   -0.090370       0.003906
   254   -0.275859    0.600834   -0.150617       0.003906
   255   -0.210864    0.665829   -0.210864       0.003906
   256   -0.665829    0.210864    0.210864       0.003906
