     1  1  0.00390625      16
     2  1  0.00390625      16
     3  1  0.00390625      18
     4  1  0.00390625      17
     5  1  0.00390625      16
     6  1  0.00390625      17
     7  1  0.00390625      17
     8  1  0.00390625      17
     9  1  0.00390625      16
    10  1  0.00390625      17
    11  1  0.00390625      16
    12  1  0.00390625      17
    13  1  0.00390625      17
    14  1  0.00390625      17
    15  1  0.00390625      18
    16  1  0.00390625      17
    17  1  0.00390625      18
    18  1  0.00390625      16
    19  1  0.00390625      15
    20  1  0.00390625      15
    21  1  0.00390625      16
    22  1  0.00390625      18
    23  1  0.00390625      17
    24  1  0.00390625      17
    25  1  0.00390625      17
    26  1  0.00390625      17
    27  1  0.00390625      15
    28  1  0.00390625      15
    29  1  0.00390625      15
    30  1  0.00390625      18
    31  1  0.00390625      17
    32  1  0.00390625      16
    33  1  0.00390625      16
    34  1  0.00390625      17
    35  1  0.00390625      16
    36  1  0.00390625      15
    37  1  0.00390625      16
    38  1  0.00390625      17
    39  1  0.00390625      17
    40  1  0.00390625      16
    41  1  0.00390625      17
    42  1  0.00390625      17
    43  1  0.00390625      18
    44  1  0.00390625      18
    45  1  0.00390625      17
    46  1  0.00390625      16
    47  1  0.00390625      16
    48  1  0.00390625      18
    49  1  0.00390625      17
    50  1  0.00390625      18
    51  1  0.00390625      17
    52  1  0.00390625      17
    53  1  0.00390625      17
    54  1  0.00390625      16
    55  1  0.00390625      17
    56  1  0.00390625      18
    57  1  0.00390625      17
    58  1  0.00390625      17
    59  1  0.00390625      17
    60  1  0.00390625      16
    61  1  0.00390625      16
    62  1  0.00390625      18
    63  1  0.00390625      18
    64  1  0.00390625      17
    65  1  0.00390625      17
    66  1  0.00390625      16
    67  1  0.00390625      17
    68  1  0.00390625      16
    69  1  0.00390625      17
    70  1  0.00390625      16
    71  1  0.00390625      17
    72  1  0.00390625      18
    73  1  0.00390625      16
    74  1  0.00390625      16
    75  1  0.00390625      17
    76  1  0.00390625      17
    77  1  0.00390625      16
    78  1  0.00390625      16
    79  1  0.00390625      18
    80  1  0.00390625      18
    81  1  0.00390625      17
    82  1  0.00390625      17
    83  1  0.00390625      17
    84  1  0.00390625      16
    85  1  0.00390625      17
    86  1  0.00390625      16
    87  1  0.00390625      17
    88  1  0.00390625      18
    89  1  0.00390625      16
    90  1  0.00390625      17
    91  1  0.00390625      16
    92  1  0.00390625      15
    93  1  0.00390625      16
    94  1  0.00390625      17
    95  1  0.00390625      17
    96  1  0.00390625      16
    97  1  0.00390625      17
    98  1  0.00390625      16
    99  1  0.00390625      17
   100  1  0.00390625      16
   101  1  0.00390625      15
   102  1  0.00390625      16
   103  1  0.00390625      18
   104  1  0.00390625      16
   105  1  0.00390625      16
   106  1  0.00390625      16
   107  1  0.00390625      16
   108  1  0.00390625      17
   109  1  0.00390625      16
   110  1  0.00390625      17
   111  1  0.00390625      16
   112  1  0.00390625      16
   113  1  0.00390625      17
   114  1  0.00390625      18
   115  1  0.00390625      17
   116  1  0.00390625      17
   117  1  0.00390625      18
   118  1  0.00390625      16
   119  1  0.00390625      16
   120  1  0.00390625      16
   121  1  0.00390625      18
   122  1  0.00390625      18
   123  1  0.00390625      18
   124  1  0.00390625      16
   125  1  0.00390625      16
   126  1  0.00390625      16
   127  1  0.00390625      16
   128  1  0.00390625      17
   129  1  0.00390625      16
   130  1  0.00390625      16
   131  1  0.00390625      17
   132  1  0.00390625      17
   133  1  0.00390625      16
   134  1  0.00390625      16
   135  1  0.00390625      17
   136  1  0.00390625      17
   137  1  0.00390625      16
   138  1  0.00390625      17
   139  1  0.00390625      16
   140  1  0.00390625      17
   141  1  0.00390625      16
   142  1  0.00390625      17
   143  1  0.00390625      18
   144  1  0.00390625      17
   145  1  0.00390625      17
   146  1  0.00390625      16
   147  1  0.00390625      17
   148  1  0.00390625      18
   149  1  0.00390625      16
   150  1  0.00390625      16
   151  1  0.00390625      17
   152  1  0.00390625      17
   153  1  0.00390625      17
   154  1  0.00390625      17
   155  1  0.00390625      18
   156  1  0.00390625      18
   157  1  0.00390625      17
   158  1  0.00390625      16
   159  1  0.00390625      16
   160  1  0.00390625      18
   161  1  0.00390625      16
   162  1  0.00390625      16
   163  1  0.00390625      16
   164  1  0.00390625      17
   165  1  0.00390625      16
   166  1  0.00390625      17
   167  1  0.00390625      16
   168  1  0.00390625      16
   169  1  0.00390625      16
   170  1  0.00390625      17
   171  1  0.00390625      16
   172  1  0.00390625      16
   173  1  0.00390625      17
   174  1  0.00390625      18
   175  1  0.00390625      16
   176  1  0.00390625      15
   177  1  0.00390625      17
   178  1  0.00390625      18
   179  1  0.00390625      17
   180  1  0.00390625      16
   181  1  0.00390625      16
   182  1  0.00390625      16
   183  1  0.00390625      16
   184  1  0.00390625      16
   185  1  0.00390625      17
   186  1  0.00390625      17
   187  1  0.00390625      17
   188  1  0.00390625      18
   189  1  0.00390625      16
   190  1  0.00390625      15
   191  1  0.00390625      16
   192  1  0.00390625      15
   193  1  0.00390625      15
   194  1  0.00390625      16
   195  1  0.00390625      18
   196  1  0.00390625      17
   197  1  0.00390625      17
   198  1  0.00390625      17
   199  1  0.00390625      15
   200  1  0.00390625      16
   201  1  0.00390625      16
   202  1  0.00390625      16
   203  1  0.00390625      16
   204  1  0.00390625      18
   205  1  0.00390625      18
   206  1  0.00390625      18
   207  1  0.00390625      17
   208  1  0.00390625      16
   209  1  0.00390625      18
   210  1  0.00390625      16
   211  1  0.00390625      16
   212  1  0.00390625      17
   213  1  0.00390625      17
   214  1  0.00390625      17
   215  1  0.00390625      17
   216  1  0.00390625      18
   217  1  0.00390625      17
   218  1  0.00390625      18
   219  1  0.00390625      17
   220  1  0.00390625      17
   221  1  0.00390625      17
   222  1  0.00390625      16
   223  1  0.00390625      17
   224  1  0.00390625      18
   225  1  0.00390625      17
   226  1  0.00390625      18
   227  1  0.00390625      17
   228  1  0.00390625      17
   229  1  0.00390625      18
   230  1  0.00390625      16
   231  1  0.00390625      16
   232  1  0.00390625      16
   233  1  0.00390625      17
   234  1  0.00390625      18
   235  1  0.00390625      17
   236  1  0.00390625      16
   237  1  0.00390625      16
   238  1  0.00390625      16
   239  1  0.00390625      16
   240  1  0.00390625      16
   241  1  0.00390625      15
   242  1  0.00390625      17
   243  1  0.00390625      17
   244  1  0.00390625      17
   245  1  0.00390625      16
   246  1  0.00390625      16
   247  1  0.00390625      14
   248  1  0.00390625      14
   249  1  0.00390625      16
   250  1  0.00390625      16
   251  1  0.00390625      18
   252  1  0.00390625      18
   253  1  0.00390625      16
   254  1  0.00390625      16
   255  1  0.00390625      14
   256  1  0.00390625      14
