                -63.3532759717
          0.000002340      -0.000002317      -0.000002319
         -0.000002317       0.000002339      -0.000002319
         -0.000002319      -0.000002319       0.000002338
           8
  1    14       0.000021360       0.000021466       0.000021678  Si
  1    14       0.000236739       0.000236727       0.000236929  Si
  1    14      -0.000163657      -0.000163431      -0.000530180  Si
  1    14       0.000142861       0.000142856       0.000161002  Si
  1    14      -0.000163661      -0.000530306      -0.000163097  Si
  1    14       0.000142754       0.000161174       0.000142481  Si
  1    14      -0.000530184      -0.000163152      -0.000163051  Si
  1    14       0.000161095       0.000142725       0.000142477  Si
