               -162.1763933897
          0.000000681       0.000000196      -0.000000012
          0.000000191       0.000000027       0.000000028
         -0.000000019       0.000000038      -0.000000222
          15
  1     7       0.000437731      -0.001152902      -0.000049875  N
  1     7      -0.000419990      -0.000073531       0.000200554  N
  1     7       0.000564251       0.000367034       0.000028572  N
  1     7       0.000011351      -0.001173311      -0.000063778  N
  1     7       0.000484297      -0.001064463       0.000258754  N
  2     6      -0.000872219       0.000032690       0.000247419  C
  2     6       0.000588471      -0.001438653      -0.000225912  C
  2     6      -0.000556645       0.000608477      -0.000165111  C
  2     6       0.001403588       0.001472969       0.000203515  C
  2     6      -0.001500877       0.000712920      -0.000110435  C
  3     1       0.000437342       0.000945827       0.000349723  H
  3     1       0.000642414       0.000024606      -0.000134545  H
  3     1      -0.000006538       0.000009706      -0.000072702  H
  3     1       0.000647680       0.001361034       0.000235926  H
  3     1      -0.000353891       0.000119557       0.000126610  H
