                -75.7523636101
          0.000015372       0.000004336       0.000004339
          0.000004336       0.000015372       0.000004339
          0.000004339       0.000004339       0.000015372
           8
  1    14      -0.000826415      -0.000826381      -0.000827157  Si
  1    14      -0.000236373      -0.000236284      -0.000234714  Si
  1    14       0.000117199       0.000117191      -0.001191538  Si
  1    14       0.000860418       0.000860448      -0.000070799  Si
  1    14       0.000116855      -0.001189512       0.000115805  Si
  1    14       0.000859976      -0.000071666       0.000860983  Si
  1    14      -0.001189562       0.000116829       0.000115834  Si
  1    14      -0.000071642       0.000860019       0.000860983  Si
