   108
     1   -0.150415   -0.150415    0.050242       0.009259
     2   -0.050117   -0.150446    0.050211       0.009259
     3    0.050180   -0.150477    0.050180       0.009259
     4    0.150477   -0.150508    0.050149       0.009259
     5    0.250774   -0.150539    0.050117       0.009259
     6   -0.250712   -0.150383    0.050273       0.009259
     7   -0.150446   -0.050117    0.050211       0.009259
     8   -0.050149   -0.050149    0.050180       0.009259
     9    0.050149   -0.050180    0.050149       0.009259
    10    0.150446   -0.050211    0.050117       0.009259
    11    0.250743   -0.050242    0.050086       0.009259
    12   -0.250743   -0.050086    0.050242       0.009259
    13   -0.150477    0.050180    0.050180       0.009259
    14   -0.050180    0.050149    0.050149       0.009259
    15    0.050117    0.050117    0.050117       0.009259
    16    0.150415    0.050086    0.050086       0.009259
    17    0.250712    0.050055    0.050055       0.009259
    18   -0.250774    0.050211    0.050211       0.009259
    19   -0.150508    0.150477    0.050149       0.009259
    20   -0.050211    0.150446    0.050117       0.009259
    21    0.050086    0.150415    0.050086       0.009259
    22    0.150383    0.150383    0.050055       0.009259
    23    0.250681    0.150352    0.050024       0.009259
    24   -0.250805    0.150508    0.050180       0.009259
    25   -0.150539    0.250774    0.050117       0.009259
    26   -0.050242    0.250743    0.050086       0.009259
    27    0.050055    0.250712    0.050055       0.009259
    28    0.150352    0.250681    0.050024       0.009259
    29    0.250649    0.250649    0.049993       0.009259
    30   -0.250836    0.250805    0.050149       0.009259
    31   -0.150383   -0.250712    0.050273       0.009259
    32   -0.050086   -0.250743    0.050242       0.009259
    33    0.050211   -0.250774    0.050211       0.009259
    34    0.150508   -0.250805    0.050180       0.009259
    35    0.250805   -0.250836    0.050149       0.009259
    36   -0.250681   -0.250681    0.050304       0.009259
    37   -0.150446   -0.150446    0.150539       0.009259
    38   -0.050149   -0.150477    0.150508       0.009259
    39    0.050149   -0.150508    0.150477       0.009259
    40    0.150446   -0.150539    0.150446       0.009259
    41    0.250743   -0.150570    0.150415       0.009259
    42   -0.250743   -0.150415    0.150570       0.009259
    43   -0.150477   -0.050149    0.150508       0.009259
    44   -0.050180   -0.050180    0.150477       0.009259
    45    0.050117   -0.050211    0.150446       0.009259
    46    0.150415   -0.050242    0.150415       0.009259
    47    0.250712   -0.050273    0.150383       0.009259
    48   -0.250774   -0.050117    0.150539       0.009259
    49   -0.150508    0.050149    0.150477       0.009259
    50   -0.050211    0.050117    0.150446       0.009259
    51    0.050086    0.050086    0.150415       0.009259
    52    0.150383    0.050055    0.150383       0.009259
    53    0.250681    0.050024    0.150352       0.009259
    54   -0.250805    0.050180    0.150508       0.009259
    55   -0.150539    0.150446    0.150446       0.009259
    56   -0.050242    0.150415    0.150415       0.009259
    57    0.050055    0.150383    0.150383       0.009259
    58    0.150352    0.150352    0.150352       0.009259
    59    0.250649    0.150321    0.150321       0.009259
    60   -0.250836    0.150477    0.150477       0.009259
    61   -0.150570    0.250743    0.150415       0.009259
    62   -0.050273    0.250712    0.150383       0.009259
    63    0.050024    0.250681    0.150352       0.009259
    64    0.150321    0.250649    0.150321       0.009259
    65    0.250618    0.250618    0.150290       0.009259
    66   -0.250867    0.250774    0.150446       0.009259
    67   -0.150415   -0.250743    0.150570       0.009259
    68   -0.050117   -0.250774    0.150539       0.009259
    69    0.050180   -0.250805    0.150508       0.009259
    70    0.150477   -0.250836    0.150477       0.009259
    71    0.250774   -0.250867    0.150446       0.009259
    72   -0.250712   -0.250712    0.150601       0.009259
    73   -0.150477   -0.150477    0.250836       0.009259
    74   -0.050180   -0.150508    0.250805       0.009259
    75    0.050117   -0.150539    0.250774       0.009259
    76    0.150415   -0.150570    0.250743       0.009259
    77    0.250712   -0.150601    0.250712       0.009259
    78   -0.250774   -0.150446    0.250867       0.009259
    79   -0.150508   -0.050180    0.250805       0.009259
    80   -0.050211   -0.050211    0.250774       0.009259
    81    0.050086   -0.050242    0.250743       0.009259
    82    0.150383   -0.050273    0.250712       0.009259
    83    0.250681   -0.050304    0.250681       0.009259
    84   -0.250805   -0.050149    0.250836       0.009259
    85   -0.150539    0.050117    0.250774       0.009259
    86   -0.050242    0.050086    0.250743       0.009259
    87    0.050055    0.050055    0.250712       0.009259
    88    0.150352    0.050024    0.250681       0.009259
    89    0.250649    0.049993    0.250649       0.009259
    90   -0.250836    0.050149    0.250805       0.009259
    91   -0.150570    0.150415    0.250743       0.009259
    92   -0.050273    0.150383    0.250712       0.009259
    93    0.050024    0.150352    0.250681       0.009259
    94    0.150321    0.150321    0.250649       0.009259
    95    0.250618    0.150290    0.250618       0.009259
    96   -0.250867    0.150446    0.250774       0.009259
    97   -0.150601    0.250712    0.250712       0.009259
    98   -0.050304    0.250681    0.250681       0.009259
    99    0.049993    0.250649    0.250649       0.009259
   100    0.150290    0.250618    0.250618       0.009259
   101    0.250587    0.250587    0.250587       0.009259
   102   -0.250898    0.250743    0.250743       0.009259
   103   -0.150446   -0.250774    0.250867       0.009259
   104   -0.050149   -0.250805    0.250836       0.009259
   105    0.050149   -0.250836    0.250805       0.009259
   106    0.150446   -0.250867    0.250774       0.009259
   107    0.250743   -0.250898    0.250743       0.009259
   108   -0.250743   -0.250743    0.250898       0.009259
