                -59.7898856467
         -0.025380152      -0.000765199      -0.000765193
         -0.000765197      -0.025380123      -0.000765172
         -0.000765192      -0.000765173      -0.025380105
           8
  1    14      -0.035911610      -0.035910430      -0.035909925  Si
  1    14       0.743598422       0.743601530       0.743599383  Si
  1    14      -0.022381366      -0.022383338       0.615985355  Si
  1    14      -0.513642780      -0.513644132      -0.248975330  Si
  1    14      -0.022383168       0.615984441      -0.022383181  Si
  1    14      -0.513641720      -0.248977222      -0.513645229  Si
  1    14       0.615980740      -0.022386764      -0.022386994  Si
  1    14      -0.248979698      -0.513645004      -0.513647682  Si
