                -75.7514352659
          0.000007432      -0.000000572      -0.000000570
         -0.000000572       0.000007433      -0.000000570
         -0.000000570      -0.000000570       0.000007434
 8
  1    14      -0.000373582      -0.000373385      -0.000373610  Si
  1    14      -0.001033048      -0.001032907      -0.001032087  Si
  1    14       0.000925365       0.000925343      -0.000372607  Si
  1    14       0.000390053       0.000390012      -0.001024608  Si
  1    14       0.000925410      -0.000372488       0.000924769  Si
  1    14       0.000389981      -0.001025324       0.000390114  Si
  1    14      -0.000372476       0.000925495       0.000924760  Si
  1    14      -0.001025292       0.000389866       0.000390107  Si
