   108
     1   -0.150585   -0.150585    0.050144       0.009259
     2   -0.050205   -0.150570    0.050160       0.009259
     3    0.050175   -0.150555    0.050175       0.009259
     4    0.150555   -0.150540    0.050190       0.009259
     5    0.250935   -0.150524    0.050205       0.009259
     6   -0.250966   -0.150601    0.050129       0.009259
     7   -0.150570   -0.050205    0.050160       0.009259
     8   -0.050190   -0.050190    0.050175       0.009259
     9    0.050190   -0.050175    0.050190       0.009259
    10    0.150570   -0.050160    0.050205       0.009259
    11    0.250950   -0.050144    0.050221       0.009259
    12   -0.250950   -0.050221    0.050144       0.009259
    13   -0.150555    0.050175    0.050175       0.009259
    14   -0.050175    0.050190    0.050190       0.009259
    15    0.050205    0.050205    0.050205       0.009259
    16    0.150585    0.050221    0.050221       0.009259
    17    0.250966    0.050236    0.050236       0.009259
    18   -0.250935    0.050160    0.050160       0.009259
    19   -0.150540    0.150555    0.050190       0.009259
    20   -0.050160    0.150570    0.050205       0.009259
    21    0.050221    0.150585    0.050221       0.009259
    22    0.150601    0.150601    0.050236       0.009259
    23    0.250981    0.150616    0.050251       0.009259
    24   -0.250920    0.150540    0.050175       0.009259
    25   -0.150524    0.250935    0.050205       0.009259
    26   -0.050144    0.250950    0.050221       0.009259
    27    0.050236    0.250966    0.050236       0.009259
    28    0.150616    0.250981    0.050251       0.009259
    29    0.250996    0.250996    0.050266       0.009259
    30   -0.250904    0.250920    0.050190       0.009259
    31   -0.150601   -0.250966    0.050129       0.009259
    32   -0.050221   -0.250950    0.050144       0.009259
    33    0.050160   -0.250935    0.050159       0.009259
    34    0.150540   -0.250920    0.050175       0.009259
    35    0.250920   -0.250904    0.050190       0.009259
    36   -0.250981   -0.250981    0.050114       0.009259
    37   -0.150570   -0.150570    0.150524       0.009259
    38   -0.050190   -0.150555    0.150540       0.009259
    39    0.050190   -0.150540    0.150555       0.009259
    40    0.150570   -0.150524    0.150570       0.009259
    41    0.250950   -0.150509    0.150585       0.009259
    42   -0.250950   -0.150585    0.150509       0.009259
    43   -0.150555   -0.050190    0.150540       0.009259
    44   -0.050175   -0.050175    0.150555       0.009259
    45    0.050205   -0.050160    0.150570       0.009259
    46    0.150585   -0.050144    0.150585       0.009259
    47    0.250966   -0.050129    0.150601       0.009259
    48   -0.250935   -0.050205    0.150524       0.009259
    49   -0.150540    0.050190    0.150555       0.009259
    50   -0.050160    0.050205    0.150570       0.009259
    51    0.050221    0.050221    0.150585       0.009259
    52    0.150601    0.050236    0.150601       0.009259
    53    0.250981    0.050251    0.150616       0.009259
    54   -0.250920    0.050175    0.150540       0.009259
    55   -0.150524    0.150570    0.150570       0.009259
    56   -0.050144    0.150585    0.150585       0.009259
    57    0.050236    0.150601    0.150601       0.009259
    58    0.150616    0.150616    0.150616       0.009259
    59    0.250996    0.150631    0.150631       0.009259
    60   -0.250904    0.150555    0.150555       0.009259
    61   -0.150509    0.250950    0.150585       0.009259
    62   -0.050129    0.250966    0.150601       0.009259
    63    0.050251    0.250981    0.150616       0.009259
    64    0.150631    0.250996    0.150631       0.009259
    65    0.251011    0.251011    0.150647       0.009259
    66   -0.250889    0.250935    0.150570       0.009259
    67   -0.150585   -0.250950    0.150509       0.009259
    68   -0.050205   -0.250935    0.150524       0.009259
    69    0.050175   -0.250920    0.150540       0.009259
    70    0.150555   -0.250904    0.150555       0.009259
    71    0.250935   -0.250889    0.150570       0.009259
    72   -0.250966   -0.250966    0.150494       0.009259
    73   -0.150555   -0.150555    0.250904       0.009259
    74   -0.050175   -0.150540    0.250920       0.009259
    75    0.050205   -0.150524    0.250935       0.009259
    76    0.150585   -0.150509    0.250950       0.009259
    77    0.250966   -0.150494    0.250966       0.009259
    78   -0.250935   -0.150570    0.250889       0.009259
    79   -0.150540   -0.050175    0.250920       0.009259
    80   -0.050160   -0.050160    0.250935       0.009259
    81    0.050221   -0.050144    0.250950       0.009259
    82    0.150601   -0.050129    0.250966       0.009259
    83    0.250981   -0.050114    0.250981       0.009259
    84   -0.250920   -0.050190    0.250904       0.009259
    85   -0.150524    0.050205    0.250935       0.009259
    86   -0.050144    0.050221    0.250950       0.009259
    87    0.050236    0.050236    0.250966       0.009259
    88    0.150616    0.050251    0.250981       0.009259
    89    0.250996    0.050266    0.250996       0.009259
    90   -0.250904    0.050190    0.250920       0.009259
    91   -0.150509    0.150585    0.250950       0.009259
    92   -0.050129    0.150601    0.250966       0.009259
    93    0.050251    0.150616    0.250981       0.009259
    94    0.150631    0.150631    0.250996       0.009259
    95    0.251011    0.150647    0.251011       0.009259
    96   -0.250889    0.150570    0.250935       0.009259
    97   -0.150494    0.250966    0.250966       0.009259
    98   -0.050114    0.250981    0.250981       0.009259
    99    0.050266    0.250996    0.250996       0.009259
   100    0.150647    0.251011    0.251011       0.009259
   101    0.251027    0.251027    0.251027       0.009259
   102   -0.250874    0.250950    0.250950       0.009259
   103   -0.150570   -0.250935    0.250889       0.009259
   104   -0.050190   -0.250920    0.250904       0.009259
   105    0.050190   -0.250904    0.250920       0.009259
   106    0.150570   -0.250889    0.250935       0.009259
   107    0.250950   -0.250874    0.250950       0.009259
   108   -0.250950   -0.250950    0.250874       0.009259
