# EIG2DOS: Utility for SIESTA to obtain the electronic density of states
#  E. Artacho, Apr 1999, A. Garcia, Apr 2012
# ------------------------------------------
# Eigenvalues read from si.EIG
# Using smearing parameter:   0.200
# Using    200 points in energy range
# Selected bands: 1 to: 104
# Emin, emax in file for selected band(s):    -16.9562500    121.5866600
# Nbands, Nspin, Nk   =    104     1   108
# E_F                 =    -4.9896 eV (NOT shifted)
# Broadening          =     0.2000 eV
#
#        E            N(up)  (=)   N(down)         Ntot
    -18.156250      0.000000      0.000000      0.000000
    -17.447994      0.000248      0.000248      0.000497
    -16.739738      0.426893      0.426893      0.853786
    -16.031483      0.862335      0.862335      1.724671
    -15.323227      1.196964      1.196964      2.393928
    -14.614971      1.910353      1.910353      3.820705
    -13.906715      0.841322      0.841322      1.682644
    -13.198459      0.091394      0.091394      0.182788
    -12.490203      1.777813      1.777813      3.555626
    -11.781948      1.815229      1.815229      3.630458
    -11.073692      1.436932      1.436932      2.873863
    -10.365436      0.953599      0.953599      1.907198
     -9.657180      0.633678      0.633678      1.267355
     -8.948924      1.837431      1.837431      3.674863
     -8.240668      2.857036      2.857036      5.714072
     -7.532413      2.672478      2.672478      5.344955
     -6.824157      2.536133      2.536133      5.072265
     -6.115901      1.077558      1.077558      2.155116
     -5.407645      0.171518      0.171518      0.343036
     -4.699389      0.101374      0.101374      0.202747
     -3.991133      1.176865      1.176865      2.353730
     -3.282878      3.075359      3.075359      6.150718
     -2.574622      2.289190      2.289190      4.578380
     -1.866366      3.148002      3.148002      6.296005
     -1.158110      2.133833      2.133833      4.267667
     -0.449854      2.650997      2.650997      5.301995
      0.258402      1.921444      1.921444      3.842887
      0.966657      1.585450      1.585450      3.170899
      1.674913      1.773242      1.773242      3.546485
      2.383169      1.689605      1.689605      3.379210
      3.091425      1.506032      1.506032      3.012063
      3.799681      2.097824      2.097824      4.195649
      4.507937      1.567801      1.567801      3.135602
      5.216192      2.543892      2.543892      5.087784
      5.924448      2.514678      2.514678      5.029357
      6.632704      0.922617      0.922617      1.845233
      7.340960      2.432580      2.432580      4.865159
      8.049216      1.467178      1.467178      2.934356
      8.757472      3.557836      3.557836      7.115672
      9.465727      3.218621      3.218621      6.437242
     10.173983      2.232361      2.232361      4.464723
     10.882239      1.551860      1.551860      3.103719
     11.590495      2.689274      2.689274      5.378549
     12.298751      1.633699      1.633699      3.267398
     13.007006      1.812527      1.812527      3.625055
     13.715262      2.410064      2.410064      4.820128
     14.423518      2.368756      2.368756      4.737513
     15.131774      4.330877      4.330877      8.661754
     15.840030      1.865883      1.865883      3.731767
     16.548286      4.463324      4.463324      8.926648
     17.256541      2.062152      2.062152      4.124304
     17.964797      2.219278      2.219278      4.438557
     18.673053      2.899209      2.899209      5.798417
     19.381309      2.147132      2.147132      4.294265
     20.089565      1.998089      1.998089      3.996179
     20.797821      1.505735      1.505735      3.011470
     21.506076      1.415361      1.415361      2.830722
     22.214332      2.732327      2.732327      5.464655
     22.922588      0.930489      0.930489      1.860978
     23.630844      1.174632      1.174632      2.349264
     24.339100      1.337371      1.337371      2.674743
     25.047356      1.044593      1.044593      2.089187
     25.755611      0.790633      0.790633      1.581266
     26.463867      0.784094      0.784094      1.568189
     27.172123      0.480357      0.480357      0.960714
     27.880379      0.596298      0.596298      1.192596
     28.588635      0.402371      0.402371      0.804741
     29.296891      0.289216      0.289216      0.578432
     30.005146      0.009610      0.009610      0.019219
     30.713402      0.172987      0.172987      0.345973
     31.421658      0.353089      0.353089      0.706178
     32.129914      0.661362      0.661362      1.322723
     32.838170      0.426793      0.426793      0.853585
     33.546426      0.759976      0.759976      1.519952
     34.254681      0.989733      0.989733      1.979466
     34.962937      0.193683      0.193683      0.387367
     35.671193      0.257881      0.257881      0.515762
     36.379449      0.060800      0.060800      0.121599
     37.087705      0.019590      0.019590      0.039181
     37.795961      0.039595      0.039595      0.079191
     38.504216      0.116072      0.116072      0.232144
     39.212472      0.063585      0.063585      0.127170
     39.920728      0.336556      0.336556      0.673112
     40.628984      0.030682      0.030682      0.061363
     41.337240      0.913479      0.913479      1.826959
     42.045495      0.000146      0.000146      0.000292
     42.753751      0.680595      0.680595      1.361191
     43.462007      0.118601      0.118601      0.237201
     44.170263      0.004150      0.004150      0.008300
     44.878519      0.124013      0.124013      0.248026
     45.586775      0.072977      0.072977      0.145954
     46.295030      0.001448      0.001448      0.002896
     47.003286      0.000000      0.000000      0.000000
     47.711542      0.000000      0.000000      0.000000
     48.419798      0.040890      0.040890      0.081781
     49.128054      0.298038      0.298038      0.596075
     49.836310      0.581170      0.581170      1.162341
     50.544565      0.235937      0.235937      0.471874
     51.252821      0.000006      0.000006      0.000011
     51.961077      1.180783      1.180783      2.361567
     52.669333      0.001878      0.001878      0.003756
     53.377589      0.685967      0.685967      1.371933
     54.085845      0.034108      0.034108      0.068216
     54.794100      0.646839      0.646839      1.293678
     55.502356      0.347468      0.347468      0.694936
     56.210612      0.000000      0.000000      0.000000
     56.918868      0.014774      0.014774      0.029548
     57.627124      0.441000      0.441000      0.882000
     58.335380      0.280092      0.280092      0.560184
     59.043635      0.305608      0.305608      0.611216
     59.751891      0.558807      0.558807      1.117615
     60.460147      0.219033      0.219033      0.438066
     61.168403      0.021581      0.021581      0.043162
     61.876659      0.000001      0.000001      0.000001
     62.584915      0.204380      0.204380      0.408759
     63.293170      0.089989      0.089989      0.179978
     64.001426      0.989397      0.989397      1.978793
     64.709682      0.490143      0.490143      0.980287
     65.417938      0.722757      0.722757      1.445514
     66.126194      0.326657      0.326657      0.653313
     66.834449      0.603559      0.603559      1.207118
     67.542705      0.010495      0.010495      0.020989
     68.250961      0.593082      0.593082      1.186165
     68.959217      0.134892      0.134892      0.269784
     69.667473      0.317868      0.317868      0.635736
     70.375729      0.037210      0.037210      0.074420
     71.083984      0.664752      0.664752      1.329504
     71.792240      0.605806      0.605806      1.211613
     72.500496      0.000058      0.000058      0.000117
     73.208752      0.653253      0.653253      1.306506
     73.917008      0.000048      0.000048      0.000096
     74.625264      0.613966      0.613966      1.227932
     75.333519      0.069769      0.069769      0.139539
     76.041775      0.577849      0.577849      1.155699
     76.750031      0.000020      0.000020      0.000041
     77.458287      0.034810      0.034810      0.069619
     78.166543      0.198725      0.198725      0.397449
     78.874799      0.221463      0.221463      0.442926
     79.583054      0.353889      0.353889      0.707777
     80.291310      0.000089      0.000089      0.000179
     80.999566      0.619033      0.619033      1.238067
     81.707822      0.000447      0.000447      0.000895
     82.416078      0.300465      0.300465      0.600931
     83.124334      0.000001      0.000001      0.000001
     83.832589      0.171295      0.171295      0.342589
     84.540845      0.202612      0.202612      0.405225
     85.249101      0.004590      0.004590      0.009181
     85.957357      0.000027      0.000027      0.000055
     86.665613      0.779488      0.779488      1.558977
     87.373869      0.000846      0.000846      0.001691
     88.082124      0.293391      0.293391      0.586782
     88.790380      0.000000      0.000000      0.000000
     89.498636      0.000000      0.000000      0.000000
     90.206892      0.000000      0.000000      0.000000
     90.915148      0.000000      0.000000      0.000000
     91.623404      0.000000      0.000000      0.000001
     92.331659      0.362633      0.362633      0.725267
     93.039915      0.059492      0.059492      0.118984
     93.748171      0.214021      0.214021      0.428041
     94.456427      0.022423      0.022423      0.044846
     95.164683      0.425209      0.425209      0.850418
     95.872938      0.000181      0.000181      0.000363
     96.581194      0.000005      0.000005      0.000010
     97.289450      0.300126      0.300126      0.600252
     97.997706      0.007424      0.007424      0.014848
     98.705962      0.004152      0.004152      0.008303
     99.414218      0.000000      0.000000      0.000000
    100.122473      0.000000      0.000000      0.000000
    100.830729      0.000000      0.000000      0.000000
    101.538985      0.000000      0.000000      0.000000
    102.247241      0.000000      0.000000      0.000000
    102.955497      0.000000      0.000000      0.000000
    103.663753      0.000000      0.000000      0.000000
    104.372008      0.062204      0.062204      0.124409
    105.080264      0.080684      0.080684      0.161367
    105.788520      0.000000      0.000000      0.000000
    106.496776      0.000000      0.000000      0.000000
    107.205032      0.000000      0.000000      0.000000
    107.913288      0.000000      0.000000      0.000000
    108.621543      0.000000      0.000000      0.000000
    109.329799      0.000000      0.000000      0.000000
    110.038055      0.000000      0.000000      0.000000
    110.746311      0.000000      0.000000      0.000000
    111.454567      0.000000      0.000000      0.000000
    112.162823      0.000000      0.000000      0.000000
    112.871078      0.000000      0.000000      0.000000
    113.579334      0.000000      0.000000      0.000000
    114.287590      0.000000      0.000000      0.000000
    114.995846      0.000000      0.000000      0.000000
    115.704102      0.000000      0.000000      0.000000
    116.412358      0.000000      0.000000      0.000000
    117.120613      0.000000      0.000000      0.000000
    117.828869      0.000000      0.000000      0.000000
    118.537125      0.000000      0.000000      0.000000
    119.245381      0.000000      0.000000      0.000000
    119.953637      0.000000      0.000000      0.000000
    120.661893      0.000173      0.000173      0.000345
    121.370148      0.072580      0.072580      0.145161
    122.078404      0.000222      0.000222      0.000445
    122.786660      0.000000      0.000000      0.000000
