                -75.7525490155
         -0.000000983      -0.000000631      -0.000000628
         -0.000000631      -0.000000983      -0.000000628
         -0.000000628      -0.000000628      -0.000000983
 8
  1    14      -0.000349813      -0.000349694      -0.000350012  Si
  1    14      -0.000966860      -0.000966807      -0.000965637  Si
  1    14       0.000974989       0.000974941      -0.000305414  Si
  1    14       0.000433449       0.000433475      -0.000990540  Si
  1    14       0.000975091      -0.000305225       0.000974013  Si
  1    14       0.000433689      -0.000991166       0.000433742  Si
  1    14      -0.000305233       0.000974968       0.000973988  Si
  1    14      -0.000991121       0.000433669       0.000433666  Si
