   108
     1   -0.150619   -0.150619    0.050153       0.009259
     2   -0.050217   -0.150603    0.050169       0.009259
     3    0.050185   -0.150587    0.050185       0.009259
     4    0.150587   -0.150570    0.050201       0.009259
     5    0.250988   -0.150554    0.050217       0.009259
     6   -0.251020   -0.150635    0.050137       0.009259
     7   -0.150603   -0.050217    0.050169       0.009259
     8   -0.050201   -0.050201    0.050185       0.009259
     9    0.050201   -0.050185    0.050201       0.009259
    10    0.150603   -0.050169    0.050217       0.009259
    11    0.251004   -0.050153    0.050233       0.009259
    12   -0.251004   -0.050233    0.050153       0.009259
    13   -0.150587    0.050185    0.050185       0.009259
    14   -0.050185    0.050201    0.050201       0.009259
    15    0.050217    0.050217    0.050217       0.009259
    16    0.150619    0.050233    0.050233       0.009259
    17    0.251020    0.050249    0.050249       0.009259
    18   -0.250988    0.050169    0.050169       0.009259
    19   -0.150570    0.150587    0.050201       0.009259
    20   -0.050169    0.150603    0.050217       0.009259
    21    0.050233    0.150619    0.050233       0.009259
    22    0.150635    0.150635    0.050249       0.009259
    23    0.251037    0.150651    0.050265       0.009259
    24   -0.250972    0.150570    0.050185       0.009259
    25   -0.150554    0.250988    0.050217       0.009259
    26   -0.050153    0.251004    0.050233       0.009259
    27    0.050249    0.251020    0.050249       0.009259
    28    0.150651    0.251037    0.050265       0.009259
    29    0.251053    0.251053    0.050281       0.009259
    30   -0.250956    0.250972    0.050201       0.009259
    31   -0.150635   -0.251020    0.050137       0.009259
    32   -0.050233   -0.251004    0.050153       0.009259
    33    0.050169   -0.250988    0.050169       0.009259
    34    0.150570   -0.250972    0.050185       0.009259
    35    0.250972   -0.250956    0.050201       0.009259
    36   -0.251037   -0.251037    0.050120       0.009259
    37   -0.150603   -0.150603    0.150554       0.009259
    38   -0.050201   -0.150587    0.150570       0.009259
    39    0.050201   -0.150570    0.150586       0.009259
    40    0.150603   -0.150554    0.150603       0.009259
    41    0.251004   -0.150538    0.150619       0.009259
    42   -0.251004   -0.150619    0.150538       0.009259
    43   -0.150587   -0.050201    0.150570       0.009259
    44   -0.050185   -0.050185    0.150586       0.009259
    45    0.050217   -0.050169    0.150603       0.009259
    46    0.150619   -0.050153    0.150619       0.009259
    47    0.251020   -0.050137    0.150635       0.009259
    48   -0.250988   -0.050217    0.150554       0.009259
    49   -0.150570    0.050201    0.150586       0.009259
    50   -0.050169    0.050217    0.150603       0.009259
    51    0.050233    0.050233    0.150619       0.009259
    52    0.150635    0.050249    0.150635       0.009259
    53    0.251037    0.050265    0.150651       0.009259
    54   -0.250972    0.050185    0.150570       0.009259
    55   -0.150554    0.150603    0.150603       0.009259
    56   -0.050153    0.150619    0.150619       0.009259
    57    0.050249    0.150635    0.150635       0.009259
    58    0.150651    0.150651    0.150651       0.009259
    59    0.251053    0.150667    0.150667       0.009259
    60   -0.250956    0.150587    0.150586       0.009259
    61   -0.150538    0.251004    0.150619       0.009259
    62   -0.050137    0.251020    0.150635       0.009259
    63    0.050265    0.251037    0.150651       0.009259
    64    0.150667    0.251053    0.150667       0.009259
    65    0.251069    0.251069    0.150683       0.009259
    66   -0.250940    0.250988    0.150603       0.009259
    67   -0.150619   -0.251004    0.150538       0.009259
    68   -0.050217   -0.250988    0.150554       0.009259
    69    0.050185   -0.250972    0.150570       0.009259
    70    0.150587   -0.250956    0.150586       0.009259
    71    0.250988   -0.250940    0.150603       0.009259
    72   -0.251020   -0.251020    0.150522       0.009259
    73   -0.150587   -0.150587    0.250956       0.009259
    74   -0.050185   -0.150570    0.250972       0.009259
    75    0.050217   -0.150554    0.250988       0.009259
    76    0.150619   -0.150538    0.251004       0.009259
    77    0.251020   -0.150522    0.251020       0.009259
    78   -0.250988   -0.150603    0.250940       0.009259
    79   -0.150570   -0.050185    0.250972       0.009259
    80   -0.050169   -0.050169    0.250988       0.009259
    81    0.050233   -0.050153    0.251004       0.009259
    82    0.150635   -0.050137    0.251020       0.009259
    83    0.251037   -0.050120    0.251036       0.009259
    84   -0.250972   -0.050201    0.250956       0.009259
    85   -0.150554    0.050217    0.250988       0.009259
    86   -0.050153    0.050233    0.251004       0.009259
    87    0.050249    0.050249    0.251020       0.009259
    88    0.150651    0.050265    0.251036       0.009259
    89    0.251053    0.050281    0.251053       0.009259
    90   -0.250956    0.050201    0.250972       0.009259
    91   -0.150538    0.150619    0.251004       0.009259
    92   -0.050137    0.150635    0.251020       0.009259
    93    0.050265    0.150651    0.251036       0.009259
    94    0.150667    0.150667    0.251053       0.009259
    95    0.251069    0.150683    0.251069       0.009259
    96   -0.250940    0.150603    0.250988       0.009259
    97   -0.150522    0.251020    0.251020       0.009259
    98   -0.050120    0.251037    0.251036       0.009259
    99    0.050281    0.251053    0.251053       0.009259
   100    0.150683    0.251069    0.251069       0.009259
   101    0.251085    0.251085    0.251085       0.009259
   102   -0.250924    0.251004    0.251004       0.009259
   103   -0.150603   -0.250988    0.250940       0.009259
   104   -0.050201   -0.250972    0.250956       0.009259
   105    0.050201   -0.250956    0.250972       0.009259
   106    0.150603   -0.250940    0.250988       0.009259
   107    0.251004   -0.250924    0.251004       0.009259
   108   -0.251004   -0.251004    0.250924       0.009259
