# EIG2DOS: Utility for SIESTA to obtain the electronic density of states
#  E. Artacho, Apr 1999, A. Garcia, Apr 2012
# ------------------------------------------
# Eigenvalues read from si.EIG
# Using smearing parameter:   0.200
# Using    200 points in energy range
# Selected bands: 1 to: 104
# Emin, emax in file for selected band(s):    -16.9607500    121.3564100
# Nbands, Nspin, Nk   =    104     1   108
# E_F                 =    -4.9969 eV (NOT shifted)
# Broadening          =     0.2000 eV
#
#        E            N(up)  (=)   N(down)         Ntot
    -18.160750      0.000000      0.000000      0.000000
    -17.453629      0.000241      0.000241      0.000483
    -16.746507      0.424850      0.424850      0.849700
    -16.039386      0.863945      0.863945      1.727891
    -15.332264      1.205120      1.205120      2.410239
    -14.625143      1.884573      1.884573      3.769145
    -13.918022      0.831718      0.831718      1.663437
    -13.210900      0.107322      0.107322      0.214645
    -12.503779      1.722489      1.722489      3.444978
    -11.796657      1.775508      1.775508      3.551016
    -11.089536      1.411215      1.411215      2.822430
    -10.382415      0.898801      0.898801      1.797602
     -9.675293      0.577879      0.577879      1.155759
     -8.968172      1.772111      1.772111      3.544222
     -8.261050      2.820401      2.820401      5.640801
     -7.553929      2.666043      2.666043      5.332085
     -6.846807      2.624790      2.624790      5.249580
     -6.139686      1.156862      1.156862      2.313724
     -5.432565      0.199706      0.199706      0.399412
     -4.725443      0.072623      0.072623      0.145247
     -4.018322      1.104421      1.104421      2.208842
     -3.311200      2.969988      2.969988      5.939975
     -2.604079      2.377334      2.377334      4.754668
     -1.896958      3.146950      3.146950      6.293901
     -1.189836      2.146144      2.146144      4.292289
     -0.482715      2.590635      2.590635      5.181270
      0.224407      1.698172      1.698172      3.396345
      0.931528      1.650020      1.650020      3.300041
      1.638649      1.790018      1.790018      3.580035
      2.345771      1.955403      1.955403      3.910805
      3.052892      1.641684      1.641684      3.283369
      3.760014      2.053502      2.053502      4.107004
      4.467135      1.660704      1.660704      3.321408
      5.174256      2.257465      2.257465      4.514929
      5.881378      3.171682      3.171682      6.343363
      6.588499      0.914068      0.914068      1.828137
      7.295621      2.853775      2.853775      5.707551
      8.002742      1.610921      1.610921      3.221841
      8.709863      3.469552      3.469552      6.939104
      9.416985      3.570676      3.570676      7.141351
     10.124106      2.242536      2.242536      4.485071
     10.831228      1.498989      1.498989      2.997979
     11.538349      2.799606      2.799606      5.599212
     12.245471      1.366364      1.366364      2.732728
     12.952592      2.039426      2.039426      4.078852
     13.659713      2.712768      2.712768      5.425537
     14.366835      2.141960      2.141960      4.283920
     15.073956      4.478117      4.478117      8.956234
     15.781078      1.644489      1.644489      3.288979
     16.488199      5.244946      5.244946     10.489892
     17.195320      2.266792      2.266792      4.533583
     17.902442      2.356964      2.356964      4.713929
     18.609563      2.677536      2.677536      5.355072
     19.316685      2.244100      2.244100      4.488200
     20.023806      1.895864      1.895864      3.791728
     20.730927      1.663703      1.663703      3.327406
     21.438049      1.253343      1.253343      2.506687
     22.145170      2.396855      2.396855      4.793711
     22.852292      1.065022      1.065022      2.130043
     23.559413      1.216721      1.216721      2.433441
     24.266534      0.904132      0.904132      1.808264
     24.973656      1.130444      1.130444      2.260887
     25.680777      0.712901      0.712901      1.425803
     26.387899      0.996813      0.996813      1.993626
     27.095020      1.023905      1.023905      2.047811
     27.802141      0.511195      0.511195      1.022389
     28.509263      0.525773      0.525773      1.051547
     29.216384      0.183398      0.183398      0.366796
     29.923506      0.057330      0.057330      0.114661
     30.630627      0.301329      0.301329      0.602658
     31.337748      0.271598      0.271598      0.543196
     32.044870      0.545867      0.545867      1.091735
     32.751991      0.720544      0.720544      1.441088
     33.459113      0.375335      0.375335      0.750669
     34.166234      0.972858      0.972858      1.945716
     34.873356      0.128737      0.128737      0.257474
     35.580477      0.339457      0.339457      0.678913
     36.287598      0.368736      0.368736      0.737471
     36.994720      0.000839      0.000839      0.001679
     37.701841      0.256983      0.256983      0.513967
     38.408963      0.020934      0.020934      0.041869
     39.116084      0.011901      0.011901      0.023801
     39.823205      0.597609      0.597609      1.195217
     40.530327      0.187135      0.187135      0.374270
     41.237448      0.608494      0.608494      1.216988
     41.944570      0.001305      0.001305      0.002610
     42.651691      0.634762      0.634762      1.269524
     43.358812      0.540240      0.540240      1.080481
     44.065934      0.000077      0.000077      0.000154
     44.773055      0.481832      0.481832      0.963664
     45.480177      0.012847      0.012847      0.025695
     46.187298      0.015721      0.015721      0.031442
     46.894419      0.000000      0.000000      0.000000
     47.601541      0.000000      0.000000      0.000000
     48.308662      0.001977      0.001977      0.003955
     49.015784      0.528333      0.528333      1.056665
     49.722905      0.194426      0.194426      0.388853
     50.430026      0.423894      0.423894      0.847788
     51.137148      0.000058      0.000058      0.000116
     51.844269      0.415634      0.415634      0.831268
     52.551391      0.005405      0.005405      0.010810
     53.258512      0.578951      0.578951      1.157903
     53.965634      0.058045      0.058045      0.116091
     54.672755      0.758243      0.758243      1.516486
     55.379876      0.801806      0.801806      1.603612
     56.086998      0.000014      0.000014      0.000028
     56.794119      0.000064      0.000064      0.000128
     57.501241      0.651949      0.651949      1.303899
     58.208362      0.143212      0.143212      0.286423
     58.915483      0.086338      0.086338      0.172677
     59.622605      0.616962      0.616962      1.233923
     60.329726      0.054842      0.054842      0.109683
     61.036848      0.311338      0.311338      0.622675
     61.743969      0.000000      0.000000      0.000000
     62.451090      0.019308      0.019308      0.038616
     63.158212      0.052336      0.052336      0.104671
     63.865333      0.328666      0.328666      0.657333
     64.572455      1.116378      1.116378      2.232757
     65.279576      0.173294      0.173294      0.346588
     65.986697      0.039857      0.039857      0.079714
     66.693819      0.637511      0.637511      1.275022
     67.400940      0.073034      0.073034      0.146068
     68.108062      0.165834      0.165834      0.331668
     68.815183      0.549037      0.549037      1.098074
     69.522304      0.108522      0.108522      0.217044
     70.229426      0.238477      0.238477      0.476955
     70.936547      0.932677      0.932677      1.865355
     71.643669      0.290989      0.290989      0.581977
     72.350790      0.000618      0.000618      0.001235
     73.057912      0.587533      0.587533      1.175065
     73.765033      0.004153      0.004153      0.008306
     74.472154      0.166655      0.166655      0.333310
     75.179276      0.003739      0.003739      0.007478
     75.886397      0.379269      0.379269      0.758539
     76.593519      0.004385      0.004385      0.008770
     77.300640      0.000021      0.000021      0.000042
     78.007761      0.125030      0.125030      0.250061
     78.714883      0.219360      0.219360      0.438720
     79.422004      0.325117      0.325117      0.650235
     80.129126      0.014301      0.014301      0.028603
     80.836247      0.088288      0.088288      0.176576
     81.543368      0.062062      0.062062      0.124125
     82.250490      0.164446      0.164446      0.328892
     82.957611      0.000263      0.000263      0.000526
     83.664733      0.035903      0.035903      0.071807
     84.371854      0.623422      0.623422      1.246843
     85.078975      0.136004      0.136004      0.272008
     85.786097      0.000000      0.000000      0.000000
     86.493218      0.303616      0.303616      0.607232
     87.200340      0.011708      0.011708      0.023417
     87.907461      0.523405      0.523405      1.046811
     88.614582      0.000083      0.000083      0.000166
     89.321704      0.000000      0.000000      0.000000
     90.028825      0.000000      0.000000      0.000000
     90.735947      0.000000      0.000000      0.000000
     91.443068      0.000000      0.000000      0.000000
     92.150189      0.231887      0.231887      0.463774
     92.857311      0.032434      0.032434      0.064869
     93.564432      0.217712      0.217712      0.435424
     94.271554      0.436811      0.436811      0.873622
     94.978675      0.071019      0.071019      0.142038
     95.685797      0.015375      0.015375      0.030750
     96.392918      0.000000      0.000000      0.000000
     97.100039      0.097276      0.097276      0.194552
     97.807161      0.000856      0.000856      0.001713
     98.514282      0.095940      0.095940      0.191880
     99.221404      0.000000      0.000000      0.000000
     99.928525      0.000000      0.000000      0.000000
    100.635646      0.000000      0.000000      0.000000
    101.342768      0.000000      0.000000      0.000000
    102.049889      0.000000      0.000000      0.000000
    102.757011      0.000000      0.000000      0.000000
    103.464132      0.000000      0.000000      0.000000
    104.171253      0.000000      0.000000      0.000000
    104.878375      0.086606      0.086606      0.173212
    105.585496      0.038976      0.038976      0.077952
    106.292618      0.000000      0.000000      0.000000
    106.999739      0.000000      0.000000      0.000000
    107.706860      0.000000      0.000000      0.000000
    108.413982      0.000000      0.000000      0.000000
    109.121103      0.000000      0.000000      0.000000
    109.828225      0.000000      0.000000      0.000000
    110.535346      0.000000      0.000000      0.000000
    111.242467      0.000000      0.000000      0.000000
    111.949589      0.000000      0.000000      0.000000
    112.656710      0.000000      0.000000      0.000000
    113.363832      0.000000      0.000000      0.000000
    114.070953      0.000000      0.000000      0.000000
    114.778075      0.000000      0.000000      0.000000
    115.485196      0.000000      0.000000      0.000000
    116.192317      0.000000      0.000000      0.000000
    116.899439      0.000000      0.000000      0.000000
    117.606560      0.000000      0.000000      0.000000
    118.313682      0.000000      0.000000      0.000000
    119.020803      0.000000      0.000000      0.000000
    119.727924      0.000000      0.000000      0.000000
    120.435046      0.000353      0.000353      0.000707
    121.142167      0.066717      0.066717      0.133434
    121.849289      0.000216      0.000216      0.000431
    122.556410      0.000000      0.000000      0.000000
