                -75.7512306000
          0.000003448      -0.000001026      -0.000001024
         -0.000001026       0.000003448      -0.000001024
         -0.000001024      -0.000001024       0.000003447
 8
  1    14      -0.000457713      -0.000457616      -0.000457967  Si
  1    14      -0.000972998      -0.000972991      -0.000971858  Si
  1    14       0.000959213       0.000959176      -0.000505130  Si
  1    14       0.000534651       0.000534872      -0.000989819  Si
  1    14       0.000958996      -0.000504708       0.000958140  Si
  1    14       0.000534772      -0.000990378       0.000534984  Si
  1    14      -0.000504658       0.000959059       0.000958331  Si
  1    14      -0.000990493       0.000534776       0.000534933  Si
