                -63.3532628706
         -0.000002458      -0.000005736      -0.000005725
         -0.000005736      -0.000002458      -0.000005725
         -0.000005725      -0.000005725      -0.000002452
           8
  1    14      -0.000138827      -0.000139033      -0.000139872  Si
  1    14      -0.000026200      -0.000026002      -0.000024558  Si
  1    14      -0.000551946      -0.000552047      -0.000587357  Si
  1    14       0.000702046       0.000701946       0.000323264  Si
  1    14      -0.000554458      -0.000590406      -0.000552593  Si
  1    14       0.000705939       0.000323664       0.000701771  Si
  1    14      -0.000590528      -0.000554627      -0.000552642  Si
  1    14       0.000323500       0.000705930       0.000701974  Si
