                -63.3532529655
         -0.000010432       0.000001976       0.000001975
          0.000001976      -0.000010432       0.000001974
          0.000001975       0.000001974      -0.000010432
           8
  1    14       0.000997787       0.000997853       0.000997456  Si
  1    14      -0.000456094      -0.000456614      -0.000456373  Si
  1    14      -0.000127233      -0.000127117      -0.000457906  Si
  1    14      -0.000019598      -0.000019740       0.000294336  Si
  1    14      -0.000127347      -0.000457858      -0.000127211  Si
  1    14      -0.000019277       0.000294056      -0.000019361  Si
  1    14      -0.000458095      -0.000127156      -0.000127121  Si
  1    14       0.000294113      -0.000019268      -0.000019486  Si
