   108
     1   -0.152803   -0.152803    0.051037       0.009259
     2   -0.050914   -0.152834    0.051006       0.009259
     3    0.050975   -0.152865    0.050975       0.009259
     4    0.152865   -0.152895    0.050945       0.009259
     5    0.254754   -0.152926    0.050914       0.009259
     6   -0.254692   -0.152772    0.051068       0.009259
     7   -0.152834   -0.050914    0.051006       0.009259
     8   -0.050945   -0.050945    0.050975       0.009259
     9    0.050945   -0.050975    0.050945       0.009259
    10    0.152834   -0.051006    0.050914       0.009259
    11    0.254723   -0.051037    0.050883       0.009259
    12   -0.254723   -0.050883    0.051037       0.009259
    13   -0.152865    0.050975    0.050975       0.009259
    14   -0.050975    0.050945    0.050945       0.009259
    15    0.050914    0.050914    0.050914       0.009259
    16    0.152803    0.050883    0.050883       0.009259
    17    0.254692    0.050852    0.050852       0.009259
    18   -0.254754    0.051006    0.051006       0.009259
    19   -0.152896    0.152865    0.050945       0.009259
    20   -0.051006    0.152834    0.050914       0.009259
    21    0.050883    0.152803    0.050883       0.009259
    22    0.152772    0.152772    0.050852       0.009259
    23    0.254661    0.152741    0.050821       0.009259
    24   -0.254785    0.152896    0.050975       0.009259
    25   -0.152926    0.254754    0.050914       0.009259
    26   -0.051037    0.254723    0.050883       0.009259
    27    0.050852    0.254692    0.050852       0.009259
    28    0.152741    0.254661    0.050821       0.009259
    29    0.254630    0.254630    0.050790       0.009259
    30   -0.254816    0.254785    0.050945       0.009259
    31   -0.152772   -0.254692    0.051068       0.009259
    32   -0.050883   -0.254723    0.051037       0.009259
    33    0.051006   -0.254754    0.051006       0.009259
    34    0.152896   -0.254785    0.050975       0.009259
    35    0.254785   -0.254816    0.050945       0.009259
    36   -0.254661   -0.254661    0.051099       0.009259
    37   -0.152834   -0.152834    0.152926       0.009259
    38   -0.050945   -0.152865    0.152895       0.009259
    39    0.050945   -0.152895    0.152865       0.009259
    40    0.152834   -0.152926    0.152834       0.009259
    41    0.254723   -0.152957    0.152803       0.009259
    42   -0.254723   -0.152803    0.152957       0.009259
    43   -0.152865   -0.050945    0.152895       0.009259
    44   -0.050975   -0.050975    0.152865       0.009259
    45    0.050914   -0.051006    0.152834       0.009259
    46    0.152803   -0.051037    0.152803       0.009259
    47    0.254692   -0.051068    0.152772       0.009259
    48   -0.254754   -0.050914    0.152926       0.009259
    49   -0.152895    0.050945    0.152865       0.009259
    50   -0.051006    0.050914    0.152834       0.009259
    51    0.050883    0.050883    0.152803       0.009259
    52    0.152772    0.050852    0.152772       0.009259
    53    0.254661    0.050821    0.152741       0.009259
    54   -0.254785    0.050975    0.152895       0.009259
    55   -0.152926    0.152834    0.152834       0.009259
    56   -0.051037    0.152803    0.152803       0.009259
    57    0.050852    0.152772    0.152772       0.009259
    58    0.152741    0.152741    0.152741       0.009259
    59    0.254630    0.152710    0.152710       0.009259
    60   -0.254816    0.152865    0.152865       0.009259
    61   -0.152957    0.254723    0.152803       0.009259
    62   -0.051068    0.254692    0.152772       0.009259
    63    0.050821    0.254661    0.152741       0.009259
    64    0.152710    0.254630    0.152710       0.009259
    65    0.254599    0.254599    0.152679       0.009259
    66   -0.254846    0.254754    0.152834       0.009259
    67   -0.152803   -0.254723    0.152957       0.009259
    68   -0.050914   -0.254754    0.152926       0.009259
    69    0.050975   -0.254785    0.152895       0.009259
    70    0.152865   -0.254816    0.152865       0.009259
    71    0.254754   -0.254846    0.152834       0.009259
    72   -0.254692   -0.254692    0.152988       0.009259
    73   -0.152865   -0.152865    0.254816       0.009259
    74   -0.050975   -0.152895    0.254785       0.009259
    75    0.050914   -0.152926    0.254754       0.009259
    76    0.152803   -0.152957    0.254723       0.009259
    77    0.254692   -0.152988    0.254692       0.009259
    78   -0.254754   -0.152834    0.254846       0.009259
    79   -0.152895   -0.050975    0.254785       0.009259
    80   -0.051006   -0.051006    0.254754       0.009259
    81    0.050883   -0.051037    0.254723       0.009259
    82    0.152772   -0.051068    0.254692       0.009259
    83    0.254661   -0.051099    0.254661       0.009259
    84   -0.254785   -0.050945    0.254816       0.009259
    85   -0.152926    0.050914    0.254754       0.009259
    86   -0.051037    0.050883    0.254723       0.009259
    87    0.050852    0.050852    0.254692       0.009259
    88    0.152741    0.050821    0.254661       0.009259
    89    0.254630    0.050790    0.254630       0.009259
    90   -0.254816    0.050945    0.254785       0.009259
    91   -0.152957    0.152803    0.254723       0.009259
    92   -0.051068    0.152772    0.254692       0.009259
    93    0.050821    0.152741    0.254661       0.009259
    94    0.152710    0.152710    0.254630       0.009259
    95    0.254599    0.152679    0.254599       0.009259
    96   -0.254846    0.152834    0.254754       0.009259
    97   -0.152988    0.254692    0.254692       0.009259
    98   -0.051099    0.254661    0.254661       0.009259
    99    0.050790    0.254630    0.254630       0.009259
   100    0.152679    0.254599    0.254599       0.009259
   101    0.254569    0.254569    0.254569       0.009259
   102   -0.254877    0.254723    0.254723       0.009259
   103   -0.152834   -0.254754    0.254846       0.009259
   104   -0.050945   -0.254785    0.254816       0.009259
   105    0.050945   -0.254816    0.254785       0.009259
   106    0.152834   -0.254846    0.254754       0.009259
   107    0.254723   -0.254877    0.254723       0.009259
   108   -0.254723   -0.254723    0.254877       0.009259
