1 250.463 180.818 0.651
1.1 160.908 70.9535 0.65
1.2 -53.4695 125.536 0.6521
1.3 -300.605 69.4117 0.661
1.4 24.2112 112.109 0.6628
1.5 -328.611 102.406 0.6663
1.6 -45.5446 101.054 0.6726
1.7 -194.496 126.879 0.6502
1.8 -1304.72 102.745 0.6934
1.9 -703.395 123.135 0.6857
2 -621.144 74.6882 0.6543
2.1 254.631 184.732 0.6844
2.2 161.989 71.7628 0.688
2.3 -54.3464 125.684 0.6881
2.4 -301.122 72.4406 0.6942
2.5 20.9373 111.171 0.6985
2.6 -333.912 101.142 0.7006
2.7 -36.1108 100.583 0.7129
2.8 -128.243 132.026 0.7043
2.9 -1506.43 98.2986 0.7055
3 -622.193 136.179 0.7184
3.1 -422.32 54.6719 0.7213
3.2 247.304 184.837 0.7239
3.3 158.012 70.1309 0.7136
3.4 -44.5897 113.168 0.7307
3.5 -302.895 86.791 0.735
3.6 19.5138 102.811 0.7391
3.7 -331.655 104.181 0.7338
3.8 -23.965 98.4586 0.7396
3.9 -735 108.734 0.7527
4 -696.074 143.334 0.7544
4.1 -509.515 62.6145 0.7614
4.2 -596.176 33.3409 0.6445
4.3 252.875 185.411 0.7535
4.4 166.796 72.9073 0.7548
4.5 -48.7171 118.484 0.7621
4.6 -307.561 80.9745 0.7616
4.7 14.8893 108.52 0.7672
4.8 -313.397 102.256 0.7652
4.9 -22.244 99.7779 0.7706
5 -51.2625 136.926 0.7751
