                -63.3525956171
         -0.000010555      -0.000006499      -0.000006500
         -0.000006499      -0.000010555      -0.000006500
         -0.000006500      -0.000006500      -0.000010555
           8
  1    14      -0.001177205      -0.001177317      -0.001176754  Si
  1    14       0.001210299       0.001210136       0.001209819  Si
  1    14      -0.001235990      -0.001235953      -0.001122650  Si
  1    14       0.001130393       0.001130427       0.001153833  Si
  1    14      -0.001235504      -0.001123104      -0.001235455  Si
  1    14       0.001130173       0.001153599       0.001129950  Si
  1    14      -0.001123094      -0.001235396      -0.001235220  Si
  1    14       0.001153322       0.001130199       0.001129966  Si
