                -75.7526078896
         -0.000006123       0.000000629       0.000000639
          0.000000628      -0.000006120       0.000000638
          0.000000639       0.000000638      -0.000006123
           8
  1    14       0.000464519       0.000464827       0.000464831  Si
  1    14      -0.000400625      -0.000401061      -0.000400835  Si
  1    14      -0.000039254      -0.000040979      -0.000201744  Si
  1    14       0.000066530       0.000066893      -0.000061547  Si
  1    14      -0.000039615      -0.000199882      -0.000039765  Si
  1    14       0.000062734      -0.000063186       0.000069591  Si
  1    14      -0.000198616      -0.000038212      -0.000041504  Si
  1    14      -0.000061397       0.000066327       0.000066860  Si
