                -63.3531917690
         -0.000005670       0.000005812       0.000005808
          0.000005812      -0.000005670       0.000005808
          0.000005808       0.000005808      -0.000005671
           8
  1    14      -0.000443223      -0.000443309      -0.000442389  Si
  1    14       0.001405830       0.001405699       0.001405165  Si
  1    14       0.000775897       0.000775874       0.000412132  Si
  1    14      -0.000799576      -0.000799356      -0.001275127  Si
  1    14       0.000775744       0.000412027       0.000776220  Si
  1    14      -0.000799498      -0.001273816      -0.000799469  Si
  1    14       0.000412226       0.000775953       0.000776423  Si
  1    14      -0.001273673      -0.000799493      -0.000799645  Si
