1 -158.188 28.4146 0.646
1.1 -55.3886 51.029 0.66
1.2 -206.837 8.0999 0.703
1.3 -209.89 19.7003 0.686
1.4 -77.3646 16.016 0.672
1.5 -117.502 19.4246 0.69
1.6 -38.4675 19.5554 0.699
1.7 -150.583 65.7652 0.651
1.8 -108.362 17.8751 0.706
1.9 -138.356 18.6374 0.679
2 -87.6763 29.1768 0.571
2.1 -173.714 29.989 0.71
2.2 -59.0849 53.8821 0.699
2.3 -201.141 9.16883 0.717
2.4 -158.993 17.017 0.732
2.5 -168.565 17.025 0.678
2.6 -78.0599 22.8711 0.728
2.7 -96.5315 16.8132 0.721
2.8 -68.0739 56.6014 0.726
2.9 -101.67 16.7143 0.729
3 -129.884 18.4486 0.726
3.1 -107.227 44.5065 0.548
3.2 -64.6993 61.8921 0.722
3.3 -106.927 17.8282 0.749
3.4 -130.859 17.963 0.752
3.5 -106.869 42.4895 0.689
3.6 -10.989 6.96703 0.553
3.7 -13.2747 8.04795 0.484
3.8 -13.6663 8.64535 0.473
3.9 -12.1319 7.32867 0.532
4 -11.9081 8.07193 0.512
4.1 -12.2717 8.28172 0.533
4.2 -10.7053 6.98701 0.585
4.3 -162.873 29.2268 0.791
4.4 -56.1758 52.6743 0.766
4.5 -196.863 9.09391 0.801
4.6 -131.764 15.8332 0.789
4.7 -200.881 17.3676 0.77
4.8 -72.7193 21.95 0.793
4.9 -95.5145 16.3686 0.802
5 -99.4066 21.4356 0.789
