                -75.7524779619
          0.000000578       0.000006733       0.000006737
          0.000006733       0.000000579       0.000006738
          0.000006737       0.000006738       0.000000578
           8
  1    14       0.001034536       0.001034089       0.001032748  Si
  1    14      -0.000184589      -0.000184424      -0.000184352  Si
  1    14       0.000665722       0.000665547      -0.000607383  Si
  1    14      -0.000471969      -0.000471505      -0.000854624  Si
  1    14       0.000666844      -0.000607413       0.000665296  Si
  1    14      -0.000471651      -0.000855936      -0.000470452  Si
  1    14      -0.000607059       0.000666397       0.000665423  Si
  1    14      -0.000856322      -0.000471489      -0.000470456  Si
