                -63.3532230183
         -0.000005677       0.000005348       0.000005330
          0.000005348      -0.000005679       0.000005332
          0.000005330       0.000005332      -0.000005675
 8
  1    14      -0.000535296      -0.000533340      -0.000531417  Si
  1    14       0.001482833       0.001482402       0.001481450  Si
  1    14       0.000717529       0.000717092       0.000371761  Si
  1    14      -0.000760661      -0.000759924      -0.001209219  Si
  1    14       0.000715933       0.000369442       0.000720326  Si
  1    14      -0.000760639      -0.001207252      -0.000761668  Si
  1    14       0.000370558       0.000717074       0.000719340  Si
  1    14      -0.001204350      -0.000759757      -0.000764671  Si
