   256
     1   -0.190962   -0.190962    0.038347       0.003906
     2   -0.114554   -0.190990    0.038318       0.003906
     3   -0.038147   -0.191019    0.038290       0.003906
     4    0.038261   -0.191047    0.038261       0.003906
     5    0.114669   -0.191076    0.038232       0.003906
     6    0.191076   -0.191105    0.038204       0.003906
     7    0.267484   -0.191133    0.038175       0.003906
     8   -0.267369   -0.190933    0.038375       0.003906
     9   -0.190990   -0.114554    0.038318       0.003906
    10   -0.114583   -0.114583    0.038290       0.003906
    11   -0.038175   -0.114611    0.038261       0.003906
    12    0.038232   -0.114640    0.038232       0.003906
    13    0.114640   -0.114669    0.038204       0.003906
    14    0.191047   -0.114697    0.038175       0.003906
    15    0.267455   -0.114726    0.038147       0.003906
    16   -0.267398   -0.114525    0.038347       0.003906
    17   -0.191019   -0.038147    0.038289       0.003906
    18   -0.114611   -0.038175    0.038261       0.003906
    19   -0.038204   -0.038204    0.038232       0.003906
    20    0.038204   -0.038232    0.038204       0.003906
    21    0.114611   -0.038261    0.038175       0.003906
    22    0.191019   -0.038290    0.038147       0.003906
    23    0.267426   -0.038318    0.038118       0.003906
    24   -0.267426   -0.038118    0.038318       0.003906
    25   -0.191047    0.038261    0.038261       0.003906
    26   -0.114640    0.038232    0.038232       0.003906
    27   -0.038232    0.038204    0.038204       0.003906
    28    0.038175    0.038175    0.038175       0.003906
    29    0.114583    0.038147    0.038147       0.003906
    30    0.190990    0.038118    0.038118       0.003906
    31    0.267398    0.038089    0.038089       0.003906
    32   -0.267455    0.038290    0.038289       0.003906
    33   -0.191076    0.114669    0.038232       0.003906
    34   -0.114668    0.114640    0.038204       0.003906
    35   -0.038261    0.114611    0.038175       0.003906
    36    0.038147    0.114583    0.038147       0.003906
    37    0.114554    0.114554    0.038118       0.003906
    38    0.190962    0.114525    0.038089       0.003906
    39    0.267369    0.114497    0.038061       0.003906
    40   -0.267484    0.114697    0.038261       0.003906
    41   -0.191105    0.191076    0.038204       0.003906
    42   -0.114697    0.191047    0.038175       0.003906
    43   -0.038290    0.191019    0.038147       0.003906
    44    0.038118    0.190990    0.038118       0.003906
    45    0.114525    0.190962    0.038089       0.003906
    46    0.190933    0.190933    0.038061       0.003906
    47    0.267340    0.190904    0.038032       0.003906
    48   -0.267512    0.191105    0.038232       0.003906
    49   -0.191133    0.267484    0.038175       0.003906
    50   -0.114726    0.267455    0.038147       0.003906
    51   -0.038318    0.267426    0.038118       0.003906
    52    0.038089    0.267398    0.038089       0.003906
    53    0.114497    0.267369    0.038061       0.003906
    54    0.190904    0.267341    0.038032       0.003906
    55    0.267312    0.267312    0.038004       0.003906
    56   -0.267541    0.267512    0.038204       0.003906
    57   -0.190933   -0.267369    0.038375       0.003906
    58   -0.114525   -0.267398    0.038347       0.003906
    59   -0.038118   -0.267426    0.038318       0.003906
    60    0.038290   -0.267455    0.038290       0.003906
    61    0.114697   -0.267484    0.038261       0.003906
    62    0.191105   -0.267512    0.038232       0.003906
    63    0.267512   -0.267541    0.038204       0.003906
    64   -0.267340   -0.267341    0.038404       0.003906
    65   -0.190990   -0.190990    0.114754       0.003906
    66   -0.114583   -0.191019    0.114726       0.003906
    67   -0.038175   -0.191047    0.114697       0.003906
    68    0.038232   -0.191076    0.114668       0.003906
    69    0.114640   -0.191105    0.114640       0.003906
    70    0.191047   -0.191133    0.114611       0.003906
    71    0.267455   -0.191162    0.114583       0.003906
    72   -0.267398   -0.190962    0.114783       0.003906
    73   -0.191019   -0.114583    0.114726       0.003906
    74   -0.114611   -0.114611    0.114697       0.003906
    75   -0.038204   -0.114640    0.114668       0.003906
    76    0.038204   -0.114669    0.114640       0.003906
    77    0.114611   -0.114697    0.114611       0.003906
    78    0.191019   -0.114726    0.114583       0.003906
    79    0.267426   -0.114754    0.114554       0.003906
    80   -0.267426   -0.114554    0.114754       0.003906
    81   -0.191047   -0.038175    0.114697       0.003906
    82   -0.114640   -0.038204    0.114668       0.003906
    83   -0.038232   -0.038232    0.114640       0.003906
    84    0.038175   -0.038261    0.114611       0.003906
    85    0.114583   -0.038290    0.114583       0.003906
    86    0.190990   -0.038318    0.114554       0.003906
    87    0.267398   -0.038347    0.114526       0.003906
    88   -0.267455   -0.038147    0.114726       0.003906
    89   -0.191076    0.038232    0.114668       0.003906
    90   -0.114668    0.038204    0.114640       0.003906
    91   -0.038261    0.038175    0.114611       0.003906
    92    0.038147    0.038147    0.114583       0.003906
    93    0.114554    0.038118    0.114554       0.003906
    94    0.190962    0.038089    0.114526       0.003906
    95    0.267369    0.038061    0.114497       0.003906
    96   -0.267483    0.038261    0.114697       0.003906
    97   -0.191105    0.114640    0.114640       0.003906
    98   -0.114697    0.114611    0.114611       0.003906
    99   -0.038290    0.114583    0.114583       0.003906
   100    0.038118    0.114554    0.114554       0.003906
   101    0.114525    0.114525    0.114525       0.003906
   102    0.190933    0.114497    0.114497       0.003906
   103    0.267341    0.114468    0.114468       0.003906
   104   -0.267512    0.114669    0.114668       0.003906
   105   -0.191133    0.191047    0.114611       0.003906
   106   -0.114726    0.191019    0.114583       0.003906
   107   -0.038318    0.190990    0.114554       0.003906
   108    0.038089    0.190962    0.114525       0.003906
   109    0.114497    0.190933    0.114497       0.003906
   110    0.190904    0.190904    0.114468       0.003906
   111    0.267312    0.190876    0.114440       0.003906
   112   -0.267541    0.191076    0.114640       0.003906
   113   -0.191162    0.267455    0.114583       0.003906
   114   -0.114754    0.267426    0.114554       0.003906
   115   -0.038347    0.267398    0.114525       0.003906
   116    0.038061    0.267369    0.114497       0.003906
   117    0.114468    0.267341    0.114468       0.003906
   118    0.190876    0.267312    0.114440       0.003906
   119    0.267283    0.267283    0.114411       0.003906
   120   -0.267569    0.267484    0.114611       0.003906
   121   -0.190962   -0.267398    0.114783       0.003906
   122   -0.114554   -0.267426    0.114754       0.003906
   123   -0.038146   -0.267455    0.114726       0.003906
   124    0.038261   -0.267484    0.114697       0.003906
   125    0.114669   -0.267512    0.114668       0.003906
   126    0.191076   -0.267541    0.114640       0.003906
   127    0.267484   -0.267569    0.114611       0.003906
   128   -0.267369   -0.267369    0.114811       0.003906
   129   -0.191019   -0.191019    0.191162       0.003906
   130   -0.114611   -0.191047    0.191133       0.003906
   131   -0.038204   -0.191076    0.191105       0.003906
   132    0.038204   -0.191105    0.191076       0.003906
   133    0.114611   -0.191133    0.191047       0.003906
   134    0.191019   -0.191162    0.191019       0.003906
   135    0.267426   -0.191191    0.190990       0.003906
   136   -0.267426   -0.190990    0.191190       0.003906
   137   -0.191047   -0.114611    0.191133       0.003906
   138   -0.114640   -0.114640    0.191105       0.003906
   139   -0.038232   -0.114669    0.191076       0.003906
   140    0.038175   -0.114697    0.191047       0.003906
   141    0.114583   -0.114726    0.191019       0.003906
   142    0.190990   -0.114754    0.190990       0.003906
   143    0.267398   -0.114783    0.190962       0.003906
   144   -0.267455   -0.114583    0.191162       0.003906
   145   -0.191076   -0.038204    0.191104       0.003906
   146   -0.114668   -0.038232    0.191076       0.003906
   147   -0.038261   -0.038261    0.191047       0.003906
   148    0.038147   -0.038290    0.191019       0.003906
   149    0.114554   -0.038318    0.190990       0.003906
   150    0.190962   -0.038347    0.190962       0.003906
   151    0.267369   -0.038375    0.190933       0.003906
   152   -0.267483   -0.038175    0.191133       0.003906
   153   -0.191105    0.038204    0.191076       0.003906
   154   -0.114697    0.038175    0.191047       0.003906
   155   -0.038290    0.038147    0.191019       0.003906
   156    0.038118    0.038118    0.190990       0.003906
   157    0.114526    0.038089    0.190962       0.003906
   158    0.190933    0.038061    0.190933       0.003906
   159    0.267341    0.038032    0.190904       0.003906
   160   -0.267512    0.038232    0.191104       0.003906
   161   -0.191133    0.114611    0.191047       0.003906
   162   -0.114726    0.114583    0.191019       0.003906
   163   -0.038318    0.114554    0.190990       0.003906
   164    0.038089    0.114526    0.190962       0.003906
   165    0.114497    0.114497    0.190933       0.003906
   166    0.190904    0.114468    0.190904       0.003906
   167    0.267312    0.114440    0.190876       0.003906
   168   -0.267541    0.114640    0.191076       0.003906
   169   -0.191162    0.191019    0.191019       0.003906
   170   -0.114754    0.190990    0.190990       0.003906
   171   -0.038347    0.190962    0.190962       0.003906
   172    0.038061    0.190933    0.190933       0.003906
   173    0.114468    0.190904    0.190904       0.003906
   174    0.190876    0.190876    0.190876       0.003906
   175    0.267283    0.190847    0.190847       0.003906
   176   -0.267569    0.191048    0.191047       0.003906
   177   -0.191190    0.267426    0.190990       0.003906
   178   -0.114783    0.267398    0.190962       0.003906
   179   -0.038375    0.267369    0.190933       0.003906
   180    0.038032    0.267341    0.190904       0.003906
   181    0.114440    0.267312    0.190876       0.003906
   182    0.190847    0.267283    0.190847       0.003906
   183    0.267255    0.267255    0.190819       0.003906
   184   -0.267598    0.267455    0.191019       0.003906
   185   -0.190990   -0.267426    0.191190       0.003906
   186   -0.114583   -0.267455    0.191162       0.003906
   187   -0.038175   -0.267484    0.191133       0.003906
   188    0.038232   -0.267512    0.191105       0.003906
   189    0.114640   -0.267541    0.191076       0.003906
   190    0.191047   -0.267569    0.191047       0.003906
   191    0.267455   -0.267598    0.191019       0.003906
   192   -0.267398   -0.267398    0.191219       0.003906
   193   -0.191047   -0.191047    0.267569       0.003906
   194   -0.114640   -0.191076    0.267541       0.003906
   195   -0.038232   -0.191105    0.267512       0.003906
   196    0.038175   -0.191133    0.267483       0.003906
   197    0.114583   -0.191162    0.267455       0.003906
   198    0.190990   -0.191190    0.267426       0.003906
   199    0.267398   -0.191219    0.267398       0.003906
   200   -0.267455   -0.191019    0.267598       0.003906
   201   -0.191076   -0.114640    0.267541       0.003906
   202   -0.114668   -0.114668    0.267512       0.003906
   203   -0.038261   -0.114697    0.267483       0.003906
   204    0.038147   -0.114726    0.267455       0.003906
   205    0.114554   -0.114754    0.267426       0.003906
   206    0.190962   -0.114783    0.267398       0.003906
   207    0.267369   -0.114812    0.267369       0.003906
   208   -0.267483   -0.114611    0.267569       0.003906
   209   -0.191105   -0.038232    0.267512       0.003906
   210   -0.114697   -0.038261    0.267483       0.003906
   211   -0.038289   -0.038290    0.267455       0.003906
   212    0.038118   -0.038318    0.267426       0.003906
   213    0.114526   -0.038347    0.267398       0.003906
   214    0.190933   -0.038375    0.267369       0.003906
   215    0.267341   -0.038404    0.267341       0.003906
   216   -0.267512   -0.038204    0.267541       0.003906
   217   -0.191133    0.038175    0.267483       0.003906
   218   -0.114726    0.038147    0.267455       0.003906
   219   -0.038318    0.038118    0.267426       0.003906
   220    0.038089    0.038089    0.267398       0.003906
   221    0.114497    0.038061    0.267369       0.003906
   222    0.190904    0.038032    0.267341       0.003906
   223    0.267312    0.038004    0.267312       0.003906
   224   -0.267541    0.038204    0.267512       0.003906
   225   -0.191162    0.114583    0.267455       0.003906
   226   -0.114754    0.114554    0.267426       0.003906
   227   -0.038347    0.114526    0.267398       0.003906
   228    0.038061    0.114497    0.267369       0.003906
   229    0.114468    0.114468    0.267340       0.003906
   230    0.190876    0.114440    0.267312       0.003906
   231    0.267283    0.114411    0.267283       0.003906
   232   -0.267569    0.114611    0.267483       0.003906
   233   -0.191190    0.190990    0.267426       0.003906
   234   -0.114783    0.190962    0.267398       0.003906
   235   -0.038375    0.190933    0.267369       0.003906
   236    0.038032    0.190904    0.267340       0.003906
   237    0.114440    0.190876    0.267312       0.003906
   238    0.190847    0.190847    0.267283       0.003906
   239    0.267255    0.190819    0.267255       0.003906
   240   -0.267598    0.191019    0.267455       0.003906
   241   -0.191219    0.267398    0.267398       0.003906
   242   -0.114811    0.267369    0.267369       0.003906
   243   -0.038404    0.267341    0.267340       0.003906
   244    0.038004    0.267312    0.267312       0.003906
   245    0.114411    0.267283    0.267283       0.003906
   246    0.190819    0.267255    0.267255       0.003906
   247    0.267226    0.267226    0.267226       0.003906
   248   -0.267626    0.267426    0.267426       0.003906
   249   -0.191019   -0.267455    0.267598       0.003906
   250   -0.114611   -0.267484    0.267569       0.003906
   251   -0.038204   -0.267512    0.267541       0.003906
   252    0.038204   -0.267541    0.267512       0.003906
   253    0.114611   -0.267569    0.267483       0.003906
   254    0.191019   -0.267598    0.267455       0.003906
   255    0.267426   -0.267627    0.267426       0.003906
   256   -0.267426   -0.267426    0.267626       0.003906
