# EIG2DOS: Utility for SIESTA to obtain the electronic density of states
#  E. Artacho, Apr 1999, A. Garcia, Apr 2012
# ------------------------------------------
# Eigenvalues read from si.EIG
# Using smearing parameter:   0.200
# Using    200 points in energy range
# Selected bands: 1 to: 104
# Emin, emax in file for selected band(s):    -17.5565000    122.5481200
# Nbands, Nspin, Nk   =    104     1   256
# E_F                 =    -5.3383 eV (NOT shifted)
# Broadening          =     0.2000 eV
#
#        E            N(up)  (=)   N(down)         Ntot
    -18.756500      0.000000      0.000000      0.000000
    -18.040396      0.000139      0.000139      0.000279
    -17.324293      0.366646      0.366646      0.733292
    -16.608189      0.762878      0.762878      1.525756
    -15.892086      1.072294      1.072294      2.144589
    -15.175982      1.638676      1.638676      3.277352
    -14.459878      1.245117      1.245117      2.490235
    -13.743775      0.793837      0.793837      1.587675
    -13.027671      1.094370      1.094370      2.188739
    -12.311567      2.284300      2.284300      4.568600
    -11.595464      0.599644      0.599644      1.199289
    -10.879360      0.616085      0.616085      1.232170
    -10.163257      0.979392      0.979392      1.958784
     -9.447153      2.136615      2.136615      4.273229
     -8.731049      2.702321      2.702321      5.404642
     -8.014946      2.529142      2.529142      5.058285
     -7.298842      2.622558      2.622558      5.245116
     -6.582738      1.271730      1.271730      2.543460
     -5.866635      0.304095      0.304095      0.608190
     -5.150531      0.078835      0.078835      0.157671
     -4.434428      1.074757      1.074757      2.149514
     -3.718324      2.146709      2.146709      4.293418
     -3.002220      2.563088      2.563088      5.126176
     -2.286117      4.026259      4.026259      8.052517
     -1.570013      2.600046      2.600046      5.200092
     -0.853910      2.552695      2.552695      5.105391
     -0.137806      1.702602      1.702602      3.405204
      0.578298      1.984360      1.984360      3.968721
      1.294401      2.153454      2.153454      4.306907
      2.010505      1.743751      1.743751      3.487501
      2.726609      3.285984      3.285984      6.571969
      3.442712      2.022924      2.022924      4.045849
      4.158816      2.592266      2.592266      5.184532
      4.874919      2.306716      2.306716      4.613433
      5.591023      2.694705      2.694705      5.389411
      6.307127      1.421492      1.421492      2.842985
      7.023230      2.778337      2.778337      5.556673
      7.739334      2.563338      2.563338      5.126677
      8.455437      2.946749      2.946749      5.893497
      9.171541      3.235920      3.235920      6.471839
      9.887645      2.270036      2.270036      4.540073
     10.603748      1.698078      1.698078      3.396156
     11.319852      2.210283      2.210283      4.420566
     12.035956      2.513947      2.513947      5.027895
     12.752059      2.083064      2.083064      4.166128
     13.468163      2.408768      2.408768      4.817536
     14.184266      3.206871      3.206871      6.413742
     14.900370      3.441951      3.441951      6.883902
     15.616474      1.980381      1.980381      3.960762
     16.332577      3.139598      3.139598      6.279196
     17.048681      2.119685      2.119685      4.239371
     17.764785      2.609272      2.609272      5.218544
     18.480888      1.870956      1.870956      3.741912
     19.196992      2.376507      2.376507      4.753014
     19.913095      1.423853      1.423853      2.847707
     20.629199      1.257179      1.257179      2.514358
     21.345303      1.623370      1.623370      3.246741
     22.061406      1.283969      1.283969      2.567938
     22.777510      1.459801      1.459801      2.919602
     23.493613      0.811689      0.811689      1.623378
     24.209717      1.401178      1.401178      2.802357
     24.925821      1.451558      1.451558      2.903117
     25.641924      0.528540      0.528540      1.057081
     26.358028      0.998225      0.998225      1.996450
     27.074132      0.605839      0.605839      1.211678
     27.790235      0.738564      0.738564      1.477127
     28.506339      0.714652      0.714652      1.429305
     29.222442      0.195917      0.195917      0.391833
     29.938546      0.346152      0.346152      0.692304
     30.654650      0.747898      0.747898      1.495795
     31.370753      0.222899      0.222899      0.445798
     32.086857      0.338451      0.338451      0.676903
     32.802961      0.290074      0.290074      0.580147
     33.519064      0.680088      0.680088      1.360177
     34.235168      0.335565      0.335565      0.671129
     34.951271      0.465216      0.465216      0.930431
     35.667375      0.612365      0.612365      1.224730
     36.383479      0.103069      0.103069      0.206139
     37.099582      0.126239      0.126239      0.252477
     37.815686      0.191453      0.191453      0.382905
     38.531789      0.039697      0.039697      0.079394
     39.247893      0.065185      0.065185      0.130370
     39.963997      0.501597      0.501597      1.003193
     40.680100      0.124742      0.124742      0.249484
     41.396204      0.002818      0.002818      0.005635
     42.112308      0.169095      0.169095      0.338190
     42.828411      0.285132      0.285132      0.570264
     43.544515      0.079920      0.079920      0.159840
     44.260618      0.294694      0.294694      0.589389
     44.976722      0.344000      0.344000      0.688000
     45.692826      0.080297      0.080297      0.160594
     46.408929      0.100663      0.100663      0.201325
     47.125033      0.060001      0.060001      0.120002
     47.841136      0.042976      0.042976      0.085952
     48.557240      0.677508      0.677508      1.355015
     49.273344      0.000026      0.000026      0.000053
     49.989447      0.237614      0.237614      0.475227
     50.705551      0.478747      0.478747      0.957494
     51.421655      0.103554      0.103554      0.207107
     52.137758      0.150460      0.150460      0.300921
     52.853862      0.206049      0.206049      0.412098
     53.569965      0.000000      0.000000      0.000000
     54.286069      0.050498      0.050498      0.100996
     55.002173      0.430996      0.430996      0.861992
     55.718276      0.491922      0.491922      0.983843
     56.434380      0.483391      0.483391      0.966783
     57.150484      0.364253      0.364253      0.728507
     57.866587      0.468450      0.468450      0.936900
     58.582691      0.348156      0.348156      0.696313
     59.298794      0.072447      0.072447      0.144893
     60.014898      0.064682      0.064682      0.129364
     60.731002      0.498478      0.498478      0.996956
     61.447105      0.279062      0.279062      0.558124
     62.163209      0.060038      0.060038      0.120076
     62.879312      0.391956      0.391956      0.783913
     63.595416      0.317637      0.317637      0.635274
     64.311520      0.536122      0.536122      1.072244
     65.027623      0.323283      0.323283      0.646566
     65.743727      0.383158      0.383158      0.766315
     66.459831      0.520799      0.520799      1.041598
     67.175934      0.573269      0.573269      1.146538
     67.892038      0.430977      0.430977      0.861955
     68.608141      1.116724      1.116724      2.233447
     69.324245      0.578925      0.578925      1.157849
     70.040349      0.154167      0.154167      0.308333
     70.756452      0.322756      0.322756      0.645511
     71.472556      0.224449      0.224449      0.448898
     72.188659      0.153449      0.153449      0.306898
     72.904763      0.235082      0.235082      0.470163
     73.620867      0.003715      0.003715      0.007430
     74.336970      0.145681      0.145681      0.291363
     75.053074      0.343352      0.343352      0.686705
     75.769178      0.309347      0.309347      0.618694
     76.485281      0.142114      0.142114      0.284228
     77.201385      0.553269      0.553269      1.106538
     77.917488      0.265537      0.265537      0.531074
     78.633592      0.083704      0.083704      0.167407
     79.349696      0.127576      0.127576      0.255152
     80.065799      0.194983      0.194983      0.389967
     80.781903      0.324767      0.324767      0.649533
     81.498007      0.268130      0.268130      0.536260
     82.214110      0.356992      0.356992      0.713983
     82.930214      0.394473      0.394473      0.788946
     83.646317      0.008971      0.008971      0.017942
     84.362421      0.107192      0.107192      0.214383
     85.078525      0.217654      0.217654      0.435309
     85.794628      0.166371      0.166371      0.332742
     86.510732      0.076308      0.076308      0.152617
     87.226835      0.047926      0.047926      0.095851
     87.942939      0.140994      0.140994      0.281989
     88.659043      0.491954      0.491954      0.983908
     89.375146      0.001347      0.001347      0.002695
     90.091250      0.021056      0.021056      0.042112
     90.807354      0.000041      0.000041      0.000082
     91.523457      0.355561      0.355561      0.711123
     92.239561      0.057528      0.057528      0.115057
     92.955664      0.010035      0.010035      0.020069
     93.671768      0.113083      0.113083      0.226165
     94.387872      0.101596      0.101596      0.203192
     95.103975      0.000109      0.000109      0.000218
     95.820079      0.009027      0.009027      0.018054
     96.536183      0.141603      0.141603      0.283206
     97.252286      0.054166      0.054166      0.108332
     97.968390      0.000530      0.000530      0.001060
     98.684493      0.000000      0.000000      0.000000
     99.400597      0.000000      0.000000      0.000000
    100.116701      0.000000      0.000000      0.000000
    100.832804      0.000000      0.000000      0.000000
    101.548908      0.000000      0.000000      0.000000
    102.265011      0.000000      0.000000      0.000000
    102.981115      0.000000      0.000000      0.000000
    103.697219      0.000000      0.000000      0.000000
    104.413322      0.000000      0.000000      0.000000
    105.129426      0.000000      0.000000      0.000000
    105.845530      0.026741      0.026741      0.053481
    106.561633      0.084326      0.084326      0.168651
    107.277737      0.000152      0.000152      0.000305
    107.993840      0.000000      0.000000      0.000000
    108.709944      0.000000      0.000000      0.000000
    109.426048      0.000000      0.000000      0.000000
    110.142151      0.000000      0.000000      0.000000
    110.858255      0.000000      0.000000      0.000000
    111.574358      0.000000      0.000000      0.000000
    112.290462      0.000000      0.000000      0.000000
    113.006566      0.000000      0.000000      0.000000
    113.722669      0.000000      0.000000      0.000000
    114.438773      0.000000      0.000000      0.000000
    115.154877      0.000000      0.000000      0.000000
    115.870980      0.000000      0.000000      0.000000
    116.587084      0.000000      0.000000      0.000000
    117.303187      0.000000      0.000000      0.000000
    118.019291      0.000000      0.000000      0.000000
    118.735395      0.000000      0.000000      0.000000
    119.451498      0.000000      0.000000      0.000000
    120.167602      0.000000      0.000000      0.000000
    120.883706      0.000000      0.000000      0.000000
    121.599809      0.006363      0.006363      0.012726
    122.315913      0.009334      0.009334      0.018668
    123.032016      0.000095      0.000095      0.000190
    123.748120      0.000000      0.000000      0.000000
