                -75.7524956387
          0.000000499       0.000006664       0.000006666
          0.000006664       0.000000499       0.000006667
          0.000006666       0.000006667       0.000000499
 8
  1    14       0.001036990       0.001036681       0.001035812  Si
  1    14      -0.000192501      -0.000192106      -0.000191923  Si
  1    14       0.000667955       0.000667668      -0.000581863  Si
  1    14      -0.000475776      -0.000475523      -0.000863012  Si
  1    14       0.000668676      -0.000581784       0.000667600  Si
  1    14      -0.000475534      -0.000864317      -0.000474740  Si
  1    14      -0.000581633       0.000668383       0.000667543  Si
  1    14      -0.000864395      -0.000475247      -0.000474887  Si
