   196
     1   -0.258084   -0.258084    0.000229       0.002915
     2   -0.172018   -0.258122    0.000191       0.002915
     3   -0.085952   -0.258161    0.000152       0.002915
     4    0.000114   -0.258199    0.000114       0.002915
     5    0.086181   -0.258237    0.000076       0.002915
     6    0.172247   -0.258275    0.000038       0.002915
     7    0.258313   -0.258313    0.000000       0.002915
     8   -0.258122   -0.172018    0.000191       0.002915
     9   -0.172056   -0.172056    0.000152       0.002915
    10   -0.085990   -0.172094    0.000114       0.002915
    11    0.000076   -0.172132    0.000076       0.002915
    12    0.086142   -0.172171    0.000038       0.002915
    13    0.172209   -0.172209    0.000000       0.002915
    14    0.258275   -0.172247   -0.000038       0.002915
    15   -0.258161   -0.085952    0.000152       0.002915
    16   -0.172094   -0.085990    0.000114       0.002915
    17   -0.086028   -0.086028    0.000076       0.002915
    18    0.000038   -0.086066    0.000038       0.002915
    19    0.086104   -0.086104    0.000000       0.002915
    20    0.172171   -0.086142   -0.000038       0.002915
    21    0.258237   -0.086181   -0.000076       0.002915
    22   -0.258199    0.000114    0.000114       0.002915
    23   -0.172132    0.000076    0.000076       0.002915
    24   -0.086066    0.000038    0.000038       0.002915
    25    0.000000    0.000000    0.000000       0.002915
    26    0.086066   -0.000038   -0.000038       0.002915
    27    0.172132   -0.000076   -0.000076       0.002915
    28    0.258199   -0.000114   -0.000114       0.002915
    29   -0.258237    0.086181    0.000076       0.002915
    30   -0.172171    0.086142    0.000038       0.002915
    31   -0.086104    0.086104   -0.000000       0.002915
    32   -0.000038    0.086066   -0.000038       0.002915
    33    0.086028    0.086028   -0.000076       0.002915
    34    0.172094    0.085990   -0.000114       0.002915
    35    0.258161    0.085952   -0.000152       0.002915
    36   -0.258275    0.172247    0.000038       0.002915
    37   -0.172209    0.172209   -0.000000       0.002915
    38   -0.086142    0.172171   -0.000038       0.002915
    39   -0.000076    0.172132   -0.000076       0.002915
    40    0.085990    0.172094   -0.000114       0.002915
    41    0.172056    0.172056   -0.000152       0.002915
    42    0.258122    0.172018   -0.000191       0.002915
    43   -0.258313    0.258313   -0.000000       0.002915
    44   -0.172247    0.258275   -0.000038       0.002915
    45   -0.086181    0.258237   -0.000076       0.002915
    46   -0.000114    0.258199   -0.000114       0.002915
    47    0.085952    0.258161   -0.000152       0.002915
    48    0.172018    0.258122   -0.000191       0.002915
    49    0.258084    0.258084   -0.000229       0.002915
    50   -0.258122   -0.258122    0.086295       0.005831
    51   -0.172056   -0.258161    0.086257       0.005831
    52   -0.085990   -0.258199    0.086219       0.005831
    53    0.000076   -0.258237    0.086181       0.005831
    54    0.086142   -0.258275    0.086142       0.005831
    55    0.172209   -0.258313    0.086104       0.005831
    56    0.258275   -0.258351    0.086066       0.005831
    57   -0.258161   -0.172056    0.086257       0.005831
    58   -0.172094   -0.172094    0.086219       0.005831
    59   -0.086028   -0.172132    0.086181       0.005831
    60    0.000038   -0.172171    0.086142       0.005831
    61    0.086104   -0.172209    0.086104       0.005831
    62    0.172171   -0.172247    0.086066       0.005831
    63    0.258237   -0.172285    0.086028       0.005831
    64   -0.258199   -0.085990    0.086219       0.005831
    65   -0.172132   -0.086028    0.086181       0.005831
    66   -0.086066   -0.086066    0.086142       0.005831
    67   -0.000000   -0.086104    0.086104       0.005831
    68    0.086066   -0.086142    0.086066       0.005831
    69    0.172132   -0.086181    0.086028       0.005831
    70    0.258199   -0.086219    0.085990       0.005831
    71   -0.258237    0.000076    0.086181       0.005831
    72   -0.172171    0.000038    0.086142       0.005831
    73   -0.086104   -0.000000    0.086104       0.005831
    74   -0.000038   -0.000038    0.086066       0.005831
    75    0.086028   -0.000076    0.086028       0.005831
    76    0.172094   -0.000114    0.085990       0.005831
    77    0.258161   -0.000152    0.085952       0.005831
    78   -0.258275    0.086142    0.086142       0.005831
    79   -0.172209    0.086104    0.086104       0.005831
    80   -0.086142    0.086066    0.086066       0.005831
    81   -0.000076    0.086028    0.086028       0.005831
    82    0.085990    0.085990    0.085990       0.005831
    83    0.172056    0.085952    0.085952       0.005831
    84    0.258122    0.085914    0.085914       0.005831
    85   -0.258313    0.172209    0.086104       0.005831
    86   -0.172247    0.172171    0.086066       0.005831
    87   -0.086181    0.172132    0.086028       0.005831
    88   -0.000114    0.172094    0.085990       0.005831
    89    0.085952    0.172056    0.085952       0.005831
    90    0.172018    0.172018    0.085914       0.005831
    91    0.258084    0.171980    0.085876       0.005831
    92   -0.258351    0.258275    0.086066       0.005831
    93   -0.172285    0.258237    0.086028       0.005831
    94   -0.086219    0.258199    0.085990       0.005831
    95   -0.000152    0.258161    0.085952       0.005831
    96    0.085914    0.258122    0.085914       0.005831
    97    0.171980    0.258084    0.085876       0.005831
    98    0.258046    0.258046    0.085838       0.005831
    99   -0.258161   -0.258161    0.172361       0.005831
   100   -0.172094   -0.258199    0.172323       0.005831
   101   -0.086028   -0.258237    0.172285       0.005831
   102    0.000038   -0.258275    0.172247       0.005831
   103    0.086104   -0.258313    0.172209       0.005831
   104    0.172171   -0.258351    0.172171       0.005831
   105    0.258237   -0.258389    0.172132       0.005831
   106   -0.258199   -0.172094    0.172323       0.005831
   107   -0.172132   -0.172132    0.172285       0.005831
   108   -0.086066   -0.172171    0.172247       0.005831
   109   -0.000000   -0.172209    0.172209       0.005831
   110    0.086066   -0.172247    0.172171       0.005831
   111    0.172132   -0.172285    0.172132       0.005831
   112    0.258199   -0.172323    0.172094       0.005831
   113   -0.258237   -0.086028    0.172285       0.005831
   114   -0.172171   -0.086066    0.172247       0.005831
   115   -0.086104   -0.086104    0.172209       0.005831
   116   -0.000038   -0.086142    0.172171       0.005831
   117    0.086028   -0.086181    0.172132       0.005831
   118    0.172094   -0.086219    0.172094       0.005831
   119    0.258161   -0.086257    0.172056       0.005831
   120   -0.258275    0.000038    0.172247       0.005831
   121   -0.172209   -0.000000    0.172209       0.005831
   122   -0.086142   -0.000038    0.172171       0.005831
   123   -0.000076   -0.000076    0.172132       0.005831
   124    0.085990   -0.000114    0.172094       0.005831
   125    0.172056   -0.000152    0.172056       0.005831
   126    0.258122   -0.000191    0.172018       0.005831
   127   -0.258313    0.086104    0.172209       0.005831
   128   -0.172247    0.086066    0.172171       0.005831
   129   -0.086181    0.086028    0.172132       0.005831
   130   -0.000114    0.085990    0.172094       0.005831
   131    0.085952    0.085952    0.172056       0.005831
   132    0.172018    0.085914    0.172018       0.005831
   133    0.258084    0.085876    0.171980       0.005831
   134   -0.258351    0.172171    0.172171       0.005831
   135   -0.172285    0.172132    0.172132       0.005831
   136   -0.086219    0.172094    0.172094       0.005831
   137   -0.000152    0.172056    0.172056       0.005831
   138    0.085914    0.172018    0.172018       0.005831
   139    0.171980    0.171980    0.171980       0.005831
   140    0.258046    0.171942    0.171942       0.005831
   141   -0.258389    0.258237    0.172132       0.005831
   142   -0.172323    0.258199    0.172094       0.005831
   143   -0.086257    0.258161    0.172056       0.005831
   144   -0.000191    0.258122    0.172018       0.005831
   145    0.085876    0.258084    0.171980       0.005831
   146    0.171942    0.258046    0.171942       0.005831
   147    0.258008    0.258008    0.171904       0.005831
   148   -0.258199   -0.258199    0.258427       0.005831
   149   -0.172132   -0.258237    0.258389       0.005831
   150   -0.086066   -0.258275    0.258351       0.005831
   151   -0.000000   -0.258313    0.258313       0.005831
   152    0.086066   -0.258351    0.258275       0.005831
   153    0.172132   -0.258389    0.258237       0.005831
   154    0.258199   -0.258427    0.258199       0.005831
   155   -0.258237   -0.172132    0.258389       0.005831
   156   -0.172171   -0.172171    0.258351       0.005831
   157   -0.086104   -0.172209    0.258313       0.005831
   158   -0.000038   -0.172247    0.258275       0.005831
   159    0.086028   -0.172285    0.258237       0.005831
   160    0.172094   -0.172323    0.258199       0.005831
   161    0.258161   -0.172361    0.258161       0.005831
   162   -0.258275   -0.086066    0.258351       0.005831
   163   -0.172209   -0.086104    0.258313       0.005831
   164   -0.086142   -0.086142    0.258275       0.005831
   165   -0.000076   -0.086181    0.258237       0.005831
   166    0.085990   -0.086219    0.258199       0.005831
   167    0.172056   -0.086257    0.258161       0.005831
   168    0.258122   -0.086295    0.258122       0.005831
   169   -0.258313   -0.000000    0.258313       0.005831
   170   -0.172247   -0.000038    0.258275       0.005831
   171   -0.086181   -0.000076    0.258237       0.005831
   172   -0.000114   -0.000114    0.258199       0.005831
   173    0.085952   -0.000152    0.258161       0.005831
   174    0.172018   -0.000191    0.258122       0.005831
   175    0.258084   -0.000229    0.258084       0.005831
   176   -0.258351    0.086066    0.258275       0.005831
   177   -0.172285    0.086028    0.258237       0.005831
   178   -0.086219    0.085990    0.258199       0.005831
   179   -0.000152    0.085952    0.258161       0.005831
   180    0.085914    0.085914    0.258122       0.005831
   181    0.171980    0.085876    0.258084       0.005831
   182    0.258046    0.085838    0.258046       0.005831
   183   -0.258389    0.172132    0.258237       0.005831
   184   -0.172323    0.172094    0.258199       0.005831
   185   -0.086257    0.172056    0.258161       0.005831
   186   -0.000191    0.172018    0.258122       0.005831
   187    0.085876    0.171980    0.258084       0.005831
   188    0.171942    0.171942    0.258046       0.005831
   189    0.258008    0.171904    0.258008       0.005831
   190   -0.258427    0.258199    0.258199       0.005831
   191   -0.172361    0.258161    0.258161       0.005831
   192   -0.086295    0.258122    0.258122       0.005831
   193   -0.000229    0.258084    0.258084       0.005831
   194    0.085838    0.258046    0.258046       0.005831
   195    0.171904    0.258008    0.258008       0.005831
   196    0.257970    0.257970    0.257970       0.005831
