               -342.1917044718
          0.000003382       0.000001460      -0.000001147
          0.000001459       0.000000683      -0.000000447
         -0.000001147      -0.000000448      -0.000000279
          30
  3     7       0.001157481       0.000067933      -0.000619271  N
  3     7       0.000135144       0.000399577      -0.000579790  N
  3     7       0.000288189      -0.000515057      -0.000250435  N
  3     7       0.000718976       0.000641244      -0.000669698  N
  3     7       0.000442820       0.000064729      -0.000258955  N
  1     6      -0.000962860      -0.000482419       0.000240277  C
  1     6       0.000737415      -0.000437195      -0.000047775  C
  1     6       0.000409130       0.000054353      -0.000373500  C
  1     6      -0.000304617       0.000199247       0.000217587  C
  1     6      -0.000084799      -0.000265699       0.000005949  C
  2     1      -0.000804030       0.000112562       0.000001749  H
  2     1      -0.000066977       0.001005976      -0.000403072  H
  2     1      -0.000015315      -0.000207169      -0.000170311  H
  2     1      -0.000339154       0.000561236       0.000400001  H
  2     1       0.000343726       0.000309644      -0.000354641  H
  4     8      -0.000684952       0.000069012       0.000184597  O
  4     8       0.000210367       0.000965729       0.000250675  O
  3     7       0.000416142      -0.000024850      -0.000435548  N
  3     7      -0.000917591      -0.000409387       0.000955898  N
  1     6       0.001488727      -0.000944518      -0.000297511  C
  1     6      -0.000335029      -0.000080545       0.000358880  C
  1     6       0.000376940       0.000353402       0.000777775  C
  1     6       0.000591406      -0.000774395      -0.000166204  C
  1     6       0.000226004      -0.000277897       0.000429206  C
  2     1       0.000284310       0.000967814      -0.000831339  H
  2     1       0.000158500      -0.000102592      -0.000342423  H
  2     1       0.000224278       0.000064162      -0.000544687  H
  2     1       0.000241376       0.000300447       0.000363495  H
  2     1      -0.000474888      -0.000191979      -0.000026303  H
  2     1      -0.000105625       0.000799162      -0.000251448  H
