                -75.7523557851
         -0.000007569       0.000007692       0.000007691
          0.000007692      -0.000007569       0.000007691
          0.000007691       0.000007691      -0.000007569
           8
  1    14       0.000685578       0.000685398       0.000685799  Si
  1    14       0.000678349       0.000678344       0.000677708  Si
  1    14      -0.000739372      -0.000739457       0.000880823  Si
  1    14      -0.000549019      -0.000549135       0.000455228  Si
  1    14      -0.000739379       0.000880500      -0.000738583  Si
  1    14      -0.000549050       0.000455476      -0.000549377  Si
  1    14       0.000880546      -0.000739271      -0.000738618  Si
  1    14       0.000455267      -0.000548897      -0.000549405  Si
