   108
     1   -0.150641   -0.150641    0.050392       0.009259
     2   -0.050178   -0.150694    0.050339       0.009259
     3    0.050285   -0.150748    0.050285       0.009259
     4    0.150748   -0.150802    0.050231       0.009259
     5    0.251211   -0.150855    0.050178       0.009259
     6   -0.251103   -0.150587    0.050446       0.009259
     7   -0.150694   -0.050178    0.050339       0.009259
     8   -0.050231   -0.050231    0.050285       0.009259
     9    0.050231   -0.050285    0.050231       0.009259
    10    0.150694   -0.050339    0.050178       0.009259
    11    0.251157   -0.050392    0.050124       0.009259
    12   -0.251157   -0.050124    0.050392       0.009259
    13   -0.150748    0.050285    0.050285       0.009259
    14   -0.050285    0.050231    0.050231       0.009259
    15    0.050178    0.050178    0.050178       0.009259
    16    0.150641    0.050124    0.050124       0.009259
    17    0.251103    0.050070    0.050070       0.009259
    18   -0.251211    0.050339    0.050339       0.009259
    19   -0.150802    0.150748    0.050231       0.009259
    20   -0.050339    0.150694    0.050178       0.009259
    21    0.050124    0.150641    0.050124       0.009259
    22    0.150587    0.150587    0.050070       0.009259
    23    0.251050    0.150533    0.050017       0.009259
    24   -0.251264    0.150802    0.050285       0.009259
    25   -0.150855    0.251211    0.050178       0.009259
    26   -0.050392    0.251157    0.050124       0.009259
    27    0.050070    0.251103    0.050070       0.009259
    28    0.150533    0.251050    0.050017       0.009259
    29    0.250996    0.250996    0.049963       0.009259
    30   -0.251318    0.251264    0.050231       0.009259
    31   -0.150587   -0.251103    0.050446       0.009259
    32   -0.050124   -0.251157    0.050392       0.009259
    33    0.050339   -0.251211    0.050339       0.009259
    34    0.150802   -0.251264    0.050285       0.009259
    35    0.251264   -0.251318    0.050231       0.009259
    36   -0.251050   -0.251050    0.050500       0.009259
    37   -0.150694   -0.150694    0.150855       0.009259
    38   -0.050231   -0.150748    0.150802       0.009259
    39    0.050231   -0.150802    0.150748       0.009259
    40    0.150694   -0.150855    0.150694       0.009259
    41    0.251157   -0.150909    0.150641       0.009259
    42   -0.251157   -0.150641    0.150909       0.009259
    43   -0.150748   -0.050231    0.150802       0.009259
    44   -0.050285   -0.050285    0.150748       0.009259
    45    0.050178   -0.050339    0.150694       0.009259
    46    0.150641   -0.050392    0.150641       0.009259
    47    0.251103   -0.050446    0.150587       0.009259
    48   -0.251211   -0.050178    0.150855       0.009259
    49   -0.150802    0.050231    0.150748       0.009259
    50   -0.050339    0.050178    0.150694       0.009259
    51    0.050124    0.050124    0.150641       0.009259
    52    0.150587    0.050070    0.150587       0.009259
    53    0.251050    0.050017    0.150533       0.009259
    54   -0.251264    0.050285    0.150802       0.009259
    55   -0.150855    0.150694    0.150694       0.009259
    56   -0.050392    0.150641    0.150641       0.009259
    57    0.050070    0.150587    0.150587       0.009259
    58    0.150533    0.150533    0.150533       0.009259
    59    0.250996    0.150480    0.150480       0.009259
    60   -0.251318    0.150748    0.150748       0.009259
    61   -0.150909    0.251157    0.150641       0.009259
    62   -0.050446    0.251103    0.150587       0.009259
    63    0.050017    0.251050    0.150533       0.009259
    64    0.150480    0.250996    0.150480       0.009259
    65    0.250942    0.250942    0.150426       0.009259
    66   -0.251372    0.251211    0.150694       0.009259
    67   -0.150641   -0.251157    0.150909       0.009259
    68   -0.050178   -0.251211    0.150855       0.009259
    69    0.050285   -0.251264    0.150802       0.009259
    70    0.150748   -0.251318    0.150748       0.009259
    71    0.251211   -0.251372    0.150694       0.009259
    72   -0.251103   -0.251103    0.150963       0.009259
    73   -0.150748   -0.150748    0.251318       0.009259
    74   -0.050285   -0.150802    0.251264       0.009259
    75    0.050178   -0.150855    0.251211       0.009259
    76    0.150641   -0.150909    0.251157       0.009259
    77    0.251103   -0.150963    0.251103       0.009259
    78   -0.251211   -0.150694    0.251372       0.009259
    79   -0.150802   -0.050285    0.251264       0.009259
    80   -0.050339   -0.050339    0.251211       0.009259
    81    0.050124   -0.050392    0.251157       0.009259
    82    0.150587   -0.050446    0.251103       0.009259
    83    0.251050   -0.050500    0.251050       0.009259
    84   -0.251264   -0.050231    0.251318       0.009259
    85   -0.150855    0.050178    0.251211       0.009259
    86   -0.050392    0.050124    0.251157       0.009259
    87    0.050070    0.050070    0.251103       0.009259
    88    0.150533    0.050017    0.251050       0.009259
    89    0.250996    0.049963    0.250996       0.009259
    90   -0.251318    0.050231    0.251264       0.009259
    91   -0.150909    0.150641    0.251157       0.009259
    92   -0.050446    0.150587    0.251103       0.009259
    93    0.050017    0.150533    0.251050       0.009259
    94    0.150480    0.150480    0.250996       0.009259
    95    0.250942    0.150426    0.250942       0.009259
    96   -0.251372    0.150694    0.251211       0.009259
    97   -0.150963    0.251103    0.251103       0.009259
    98   -0.050500    0.251050    0.251050       0.009259
    99    0.049963    0.250996    0.250996       0.009259
   100    0.150426    0.250942    0.250942       0.009259
   101    0.250889    0.250889    0.250889       0.009259
   102   -0.251425    0.251157    0.251157       0.009259
   103   -0.150694   -0.251211    0.251372       0.009259
   104   -0.050231   -0.251264    0.251318       0.009259
   105    0.050231   -0.251318    0.251264       0.009259
   106    0.150694   -0.251372    0.251211       0.009259
   107    0.251157   -0.251425    0.251157       0.009259
   108   -0.251157   -0.251157    0.251425       0.009259
