                -75.7525067743
          0.000000583       0.000006700       0.000006700
          0.000006700       0.000000583       0.000006700
          0.000006700       0.000006700       0.000000582
 8
  1    14       0.001061810       0.001061909       0.001061787  Si
  1    14      -0.000220591      -0.000220654      -0.000221211  Si
  1    14       0.000670735       0.000670704      -0.000574798  Si
  1    14      -0.000472302      -0.000472320      -0.000881068  Si
  1    14       0.000671536      -0.000575266       0.000671208  Si
  1    14      -0.000472189      -0.000881453      -0.000472247  Si
  1    14      -0.000575208       0.000671619       0.000671178  Si
  1    14      -0.000881475      -0.000472362      -0.000472495  Si
