   256
     1   -0.188202   -0.188202    0.037821       0.003906
     2   -0.112895   -0.188236    0.037788       0.003906
     3   -0.037587   -0.188269    0.037754       0.003906
     4    0.037721   -0.188303    0.037721       0.003906
     5    0.113028   -0.188336    0.037687       0.003906
     6    0.188336   -0.188369    0.037654       0.003906
     7    0.263644   -0.188403    0.037620       0.003906
     8   -0.263510   -0.188169    0.037854       0.003906
     9   -0.188236   -0.112895    0.037788       0.003906
    10   -0.112928   -0.112928    0.037754       0.003906
    11   -0.037620   -0.112961    0.037721       0.003906
    12    0.037687   -0.112995    0.037687       0.003906
    13    0.112995   -0.113028    0.037654       0.003906
    14    0.188303   -0.113062    0.037620       0.003906
    15    0.263610   -0.113095    0.037587       0.003906
    16   -0.263543   -0.112861    0.037821       0.003906
    17   -0.188269   -0.037587    0.037754       0.003906
    18   -0.112961   -0.037620    0.037721       0.003906
    19   -0.037654   -0.037654    0.037687       0.003906
    20    0.037654   -0.037687    0.037654       0.003906
    21    0.112961   -0.037721    0.037620       0.003906
    22    0.188269   -0.037754    0.037587       0.003906
    23    0.263577   -0.037788    0.037554       0.003906
    24   -0.263577   -0.037554    0.037788       0.003906
    25   -0.188303    0.037721    0.037721       0.003906
    26   -0.112995    0.037687    0.037687       0.003906
    27   -0.037687    0.037654    0.037654       0.003906
    28    0.037620    0.037620    0.037620       0.003906
    29    0.112928    0.037587    0.037587       0.003906
    30    0.188236    0.037554    0.037554       0.003906
    31    0.263543    0.037520    0.037520       0.003906
    32   -0.263610    0.037754    0.037754       0.003906
    33   -0.188336    0.113028    0.037687       0.003906
    34   -0.113028    0.112995    0.037654       0.003906
    35   -0.037721    0.112961    0.037620       0.003906
    36    0.037587    0.112928    0.037587       0.003906
    37    0.112895    0.112895    0.037554       0.003906
    38    0.188202    0.112861    0.037520       0.003906
    39    0.263510    0.112828    0.037487       0.003906
    40   -0.263644    0.113062    0.037721       0.003906
    41   -0.188369    0.188336    0.037654       0.003906
    42   -0.113062    0.188303    0.037620       0.003906
    43   -0.037754    0.188269    0.037587       0.003906
    44    0.037554    0.188236    0.037554       0.003906
    45    0.112861    0.188202    0.037520       0.003906
    46    0.188169    0.188169    0.037487       0.003906
    47    0.263476    0.188135    0.037453       0.003906
    48   -0.263677    0.188369    0.037687       0.003906
    49   -0.188403    0.263644    0.037620       0.003906
    50   -0.113095    0.263610    0.037587       0.003906
    51   -0.037788    0.263577    0.037554       0.003906
    52    0.037520    0.263543    0.037520       0.003906
    53    0.112828    0.263510    0.037487       0.003906
    54    0.188135    0.263476    0.037453       0.003906
    55    0.263443    0.263443    0.037420       0.003906
    56   -0.263711    0.263677    0.037654       0.003906
    57   -0.188169   -0.263510    0.037854       0.003906
    58   -0.112861   -0.263543    0.037821       0.003906
    59   -0.037554   -0.263577    0.037788       0.003906
    60    0.037754   -0.263610    0.037754       0.003906
    61    0.113062   -0.263644    0.037721       0.003906
    62    0.188369   -0.263677    0.037687       0.003906
    63    0.263677   -0.263711    0.037654       0.003906
    64   -0.263476   -0.263476    0.037888       0.003906
    65   -0.188236   -0.188236    0.113129       0.003906
    66   -0.112928   -0.188269    0.113095       0.003906
    67   -0.037620   -0.188303    0.113062       0.003906
    68    0.037687   -0.188336    0.113028       0.003906
    69    0.112995   -0.188369    0.112995       0.003906
    70    0.188303   -0.188403    0.112961       0.003906
    71    0.263610   -0.188436    0.112928       0.003906
    72   -0.263543   -0.188202    0.113162       0.003906
    73   -0.188269   -0.112928    0.113095       0.003906
    74   -0.112961   -0.112961    0.113062       0.003906
    75   -0.037654   -0.112995    0.113028       0.003906
    76    0.037654   -0.113028    0.112995       0.003906
    77    0.112961   -0.113062    0.112961       0.003906
    78    0.188269   -0.113095    0.112928       0.003906
    79    0.263577   -0.113129    0.112895       0.003906
    80   -0.263577   -0.112895    0.113129       0.003906
    81   -0.188303   -0.037620    0.113062       0.003906
    82   -0.112995   -0.037654    0.113028       0.003906
    83   -0.037687   -0.037687    0.112995       0.003906
    84    0.037620   -0.037721    0.112961       0.003906
    85    0.112928   -0.037754    0.112928       0.003906
    86    0.188236   -0.037788    0.112895       0.003906
    87    0.263543   -0.037821    0.112861       0.003906
    88   -0.263610   -0.037587    0.113095       0.003906
    89   -0.188336    0.037687    0.113028       0.003906
    90   -0.113028    0.037654    0.112995       0.003906
    91   -0.037721    0.037620    0.112961       0.003906
    92    0.037587    0.037587    0.112928       0.003906
    93    0.112895    0.037554    0.112895       0.003906
    94    0.188202    0.037520    0.112861       0.003906
    95    0.263510    0.037487    0.112828       0.003906
    96   -0.263644    0.037721    0.113062       0.003906
    97   -0.188369    0.112995    0.112995       0.003906
    98   -0.113062    0.112961    0.112961       0.003906
    99   -0.037754    0.112928    0.112928       0.003906
   100    0.037554    0.112895    0.112895       0.003906
   101    0.112861    0.112861    0.112861       0.003906
   102    0.188169    0.112828    0.112828       0.003906
   103    0.263476    0.112794    0.112794       0.003906
   104   -0.263677    0.113028    0.113028       0.003906
   105   -0.188403    0.188303    0.112961       0.003906
   106   -0.113095    0.188269    0.112928       0.003906
   107   -0.037788    0.188236    0.112895       0.003906
   108    0.037520    0.188202    0.112861       0.003906
   109    0.112828    0.188169    0.112828       0.003906
   110    0.188135    0.188135    0.112794       0.003906
   111    0.263443    0.188102    0.112761       0.003906
   112   -0.263711    0.188336    0.112995       0.003906
   113   -0.188436    0.263610    0.112928       0.003906
   114   -0.113129    0.263577    0.112895       0.003906
   115   -0.037821    0.263543    0.112861       0.003906
   116    0.037487    0.263510    0.112828       0.003906
   117    0.112794    0.263476    0.112794       0.003906
   118    0.188102    0.263443    0.112761       0.003906
   119    0.263410    0.263410    0.112727       0.003906
   120   -0.263744    0.263644    0.112961       0.003906
   121   -0.188202   -0.263543    0.113162       0.003906
   122   -0.112895   -0.263577    0.113129       0.003906
   123   -0.037587   -0.263610    0.113095       0.003906
   124    0.037721   -0.263644    0.113062       0.003906
   125    0.113028   -0.263677    0.113028       0.003906
   126    0.188336   -0.263711    0.112995       0.003906
   127    0.263644   -0.263744    0.112961       0.003906
   128   -0.263510   -0.263510    0.113196       0.003906
   129   -0.188269   -0.188269    0.188436       0.003906
   130   -0.112961   -0.188303    0.188403       0.003906
   131   -0.037654   -0.188336    0.188369       0.003906
   132    0.037654   -0.188369    0.188336       0.003906
   133    0.112961   -0.188403    0.188303       0.003906
   134    0.188269   -0.188436    0.188269       0.003906
   135    0.263577   -0.188470    0.188236       0.003906
   136   -0.263577   -0.188236    0.188470       0.003906
   137   -0.188303   -0.112961    0.188403       0.003906
   138   -0.112995   -0.112995    0.188369       0.003906
   139   -0.037687   -0.113028    0.188336       0.003906
   140    0.037620   -0.113062    0.188303       0.003906
   141    0.112928   -0.113095    0.188269       0.003906
   142    0.188236   -0.113129    0.188236       0.003906
   143    0.263543   -0.113162    0.188202       0.003906
   144   -0.263610   -0.112928    0.188436       0.003906
   145   -0.188336   -0.037654    0.188369       0.003906
   146   -0.113028   -0.037687    0.188336       0.003906
   147   -0.037721   -0.037721    0.188303       0.003906
   148    0.037587   -0.037754    0.188269       0.003906
   149    0.112895   -0.037788    0.188236       0.003906
   150    0.188202   -0.037821    0.188202       0.003906
   151    0.263510   -0.037854    0.188169       0.003906
   152   -0.263644   -0.037620    0.188403       0.003906
   153   -0.188369    0.037654    0.188336       0.003906
   154   -0.113062    0.037620    0.188303       0.003906
   155   -0.037754    0.037587    0.188269       0.003906
   156    0.037554    0.037554    0.188236       0.003906
   157    0.112861    0.037520    0.188202       0.003906
   158    0.188169    0.037487    0.188169       0.003906
   159    0.263476    0.037453    0.188135       0.003906
   160   -0.263677    0.037687    0.188369       0.003906
   161   -0.188403    0.112961    0.188303       0.003906
   162   -0.113095    0.112928    0.188269       0.003906
   163   -0.037788    0.112895    0.188236       0.003906
   164    0.037520    0.112861    0.188202       0.003906
   165    0.112828    0.112828    0.188169       0.003906
   166    0.188135    0.112794    0.188135       0.003906
   167    0.263443    0.112761    0.188102       0.003906
   168   -0.263711    0.112995    0.188336       0.003906
   169   -0.188436    0.188269    0.188269       0.003906
   170   -0.113129    0.188236    0.188236       0.003906
   171   -0.037821    0.188202    0.188202       0.003906
   172    0.037487    0.188169    0.188169       0.003906
   173    0.112794    0.188135    0.188135       0.003906
   174    0.188102    0.188102    0.188102       0.003906
   175    0.263410    0.188069    0.188068       0.003906
   176   -0.263744    0.188303    0.188303       0.003906
   177   -0.188470    0.263577    0.188236       0.003906
   178   -0.113162    0.263543    0.188202       0.003906
   179   -0.037854    0.263510    0.188169       0.003906
   180    0.037453    0.263476    0.188135       0.003906
   181    0.112761    0.263443    0.188102       0.003906
   182    0.188068    0.263410    0.188068       0.003906
   183    0.263376    0.263376    0.188035       0.003906
   184   -0.263777    0.263610    0.188269       0.003906
   185   -0.188236   -0.263577    0.188470       0.003906
   186   -0.112928   -0.263610    0.188436       0.003906
   187   -0.037620   -0.263644    0.188403       0.003906
   188    0.037687   -0.263677    0.188369       0.003906
   189    0.112995   -0.263711    0.188336       0.003906
   190    0.188303   -0.263744    0.188303       0.003906
   191    0.263610   -0.263777    0.188269       0.003906
   192   -0.263543   -0.263543    0.188503       0.003906
   193   -0.188303   -0.188303    0.263744       0.003906
   194   -0.112995   -0.188336    0.263711       0.003906
   195   -0.037687   -0.188369    0.263677       0.003906
   196    0.037620   -0.188403    0.263644       0.003906
   197    0.112928   -0.188436    0.263610       0.003906
   198    0.188236   -0.188470    0.263577       0.003906
   199    0.263543   -0.188503    0.263543       0.003906
   200   -0.263610   -0.188269    0.263777       0.003906
   201   -0.188336   -0.112995    0.263711       0.003906
   202   -0.113028   -0.113028    0.263677       0.003906
   203   -0.037721   -0.113062    0.263644       0.003906
   204    0.037587   -0.113095    0.263610       0.003906
   205    0.112895   -0.113129    0.263577       0.003906
   206    0.188202   -0.113162    0.263543       0.003906
   207    0.263510   -0.113196    0.263510       0.003906
   208   -0.263644   -0.112961    0.263744       0.003906
   209   -0.188369   -0.037687    0.263677       0.003906
   210   -0.113062   -0.037721    0.263644       0.003906
   211   -0.037754   -0.037754    0.263610       0.003906
   212    0.037554   -0.037788    0.263577       0.003906
   213    0.112861   -0.037821    0.263543       0.003906
   214    0.188169   -0.037854    0.263510       0.003906
   215    0.263476   -0.037888    0.263476       0.003906
   216   -0.263677   -0.037654    0.263711       0.003906
   217   -0.188403    0.037620    0.263644       0.003906
   218   -0.113095    0.037587    0.263610       0.003906
   219   -0.037788    0.037554    0.263577       0.003906
   220    0.037520    0.037520    0.263543       0.003906
   221    0.112828    0.037487    0.263510       0.003906
   222    0.188135    0.037453    0.263476       0.003906
   223    0.263443    0.037420    0.263443       0.003906
   224   -0.263711    0.037654    0.263677       0.003906
   225   -0.188436    0.112928    0.263610       0.003906
   226   -0.113129    0.112895    0.263577       0.003906
   227   -0.037821    0.112861    0.263543       0.003906
   228    0.037487    0.112828    0.263510       0.003906
   229    0.112794    0.112794    0.263476       0.003906
   230    0.188102    0.112761    0.263443       0.003906
   231    0.263410    0.112727    0.263410       0.003906
   232   -0.263744    0.112961    0.263644       0.003906
   233   -0.188470    0.188236    0.263577       0.003906
   234   -0.113162    0.188202    0.263543       0.003906
   235   -0.037854    0.188169    0.263510       0.003906
   236    0.037453    0.188135    0.263476       0.003906
   237    0.112761    0.188102    0.263443       0.003906
   238    0.188068    0.188069    0.263410       0.003906
   239    0.263376    0.188035    0.263376       0.003906
   240   -0.263777    0.188269    0.263610       0.003906
   241   -0.188503    0.263543    0.263543       0.003906
   242   -0.113196    0.263510    0.263510       0.003906
   243   -0.037888    0.263476    0.263476       0.003906
   244    0.037420    0.263443    0.263443       0.003906
   245    0.112727    0.263410    0.263410       0.003906
   246    0.188035    0.263376    0.263376       0.003906
   247    0.263343    0.263343    0.263343       0.003906
   248   -0.263811    0.263577    0.263577       0.003906
   249   -0.188269   -0.263610    0.263777       0.003906
   250   -0.112961   -0.263644    0.263744       0.003906
   251   -0.037654   -0.263677    0.263711       0.003906
   252    0.037654   -0.263711    0.263677       0.003906
   253    0.112961   -0.263744    0.263644       0.003906
   254    0.188269   -0.263777    0.263610       0.003906
   255    0.263577   -0.263811    0.263577       0.003906
   256   -0.263577   -0.263577    0.263811       0.003906
