                -75.7524293800
          0.000019508       0.000005659       0.000005659
          0.000005659       0.000019508       0.000005659
          0.000005659       0.000005659       0.000019508
           8
  1    14       0.000932937       0.000932947       0.000932555  Si
  1    14      -0.001496463      -0.001496298      -0.001496829  Si
  1    14       0.001465912       0.001465865       0.000783250  Si
  1    14      -0.000835815      -0.000835770      -0.001403622  Si
  1    14       0.001466366       0.000782924       0.001466310  Si
  1    14      -0.000835804      -0.001403315      -0.000835899  Si
  1    14       0.000783098       0.001466321       0.001466338  Si
  1    14      -0.001403425      -0.000835727      -0.000835829  Si
