                -75.7526077743
          0.000009399      -0.000007575      -0.000007574
         -0.000007575       0.000009399      -0.000007574
         -0.000007574      -0.000007574       0.000009399
           8
  1    14      -0.001153147      -0.001153106      -0.001153291  Si
  1    14       0.000500783       0.000500703       0.000500729  Si
  1    14      -0.000430904      -0.000430855      -0.001095684  Si
  1    14       0.001223697       0.001223726       0.000187145  Si
  1    14      -0.000430930      -0.001095534      -0.000430796  Si
  1    14       0.001223777       0.000187519       0.001223953  Si
  1    14      -0.001095595      -0.000430859      -0.000430802  Si
  1    14       0.000187567       0.001223521       0.001223943  Si
