                -63.3532298846
         -0.000005193       0.000005760       0.000005756
          0.000005760      -0.000005193       0.000005757
          0.000005756       0.000005757      -0.000005193
 8
  1    14      -0.000491034      -0.000491144      -0.000490358  Si
  1    14       0.001239412       0.001239685       0.001239347  Si
  1    14       0.000720093       0.000720018       0.000318224  Si
  1    14      -0.000708694      -0.000708364      -0.001036261  Si
  1    14       0.000719765       0.000317417       0.000720538  Si
  1    14      -0.000708376      -0.001035096      -0.000708839  Si
  1    14       0.000317637       0.000719296       0.000720321  Si
  1    14      -0.001035013      -0.000708096      -0.000708684  Si
