   108
     1   -0.152778   -0.152778    0.051051       0.009259
     2   -0.050901   -0.152816    0.051014       0.009259
     3    0.050976   -0.152853    0.050976       0.009259
     4    0.152853   -0.152891    0.050939       0.009259
     5    0.254730   -0.152928    0.050901       0.009259
     6   -0.254655   -0.152741    0.051089       0.009259
     7   -0.152816   -0.050901    0.051014       0.009259
     8   -0.050939   -0.050939    0.050976       0.009259
     9    0.050939   -0.050976    0.050939       0.009259
    10    0.152816   -0.051014    0.050901       0.009259
    11    0.254693   -0.051051    0.050863       0.009259
    12   -0.254693   -0.050863    0.051051       0.009259
    13   -0.152853    0.050976    0.050976       0.009259
    14   -0.050976    0.050939    0.050939       0.009259
    15    0.050901    0.050901    0.050901       0.009259
    16    0.152778    0.050863    0.050863       0.009259
    17    0.254655    0.050826    0.050826       0.009259
    18   -0.254730    0.051014    0.051014       0.009259
    19   -0.152891    0.152853    0.050939       0.009259
    20   -0.051014    0.152816    0.050901       0.009259
    21    0.050863    0.152778    0.050863       0.009259
    22    0.152741    0.152741    0.050826       0.009259
    23    0.254618    0.152703    0.050788       0.009259
    24   -0.254768    0.152891    0.050976       0.009259
    25   -0.152928    0.254730    0.050901       0.009259
    26   -0.051051    0.254693    0.050863       0.009259
    27    0.050826    0.254655    0.050826       0.009259
    28    0.152703    0.254618    0.050788       0.009259
    29    0.254580    0.254580    0.050751       0.009259
    30   -0.254805    0.254768    0.050939       0.009259
    31   -0.152741   -0.254655    0.051089       0.009259
    32   -0.050863   -0.254693    0.051051       0.009259
    33    0.051014   -0.254730    0.051014       0.009259
    34    0.152891   -0.254768    0.050976       0.009259
    35    0.254768   -0.254805    0.050939       0.009259
    36   -0.254618   -0.254618    0.051126       0.009259
    37   -0.152816   -0.152816    0.152928       0.009259
    38   -0.050939   -0.152853    0.152891       0.009259
    39    0.050939   -0.152891    0.152853       0.009259
    40    0.152816   -0.152928    0.152816       0.009259
    41    0.254693   -0.152966    0.152778       0.009259
    42   -0.254693   -0.152778    0.152966       0.009259
    43   -0.152853   -0.050939    0.152891       0.009259
    44   -0.050976   -0.050976    0.152853       0.009259
    45    0.050901   -0.051014    0.152816       0.009259
    46    0.152778   -0.051051    0.152778       0.009259
    47    0.254655   -0.051089    0.152740       0.009259
    48   -0.254730   -0.050901    0.152928       0.009259
    49   -0.152891    0.050939    0.152853       0.009259
    50   -0.051014    0.050901    0.152816       0.009259
    51    0.050863    0.050863    0.152778       0.009259
    52    0.152741    0.050826    0.152740       0.009259
    53    0.254618    0.050788    0.152703       0.009259
    54   -0.254768    0.050976    0.152891       0.009259
    55   -0.152928    0.152816    0.152816       0.009259
    56   -0.051051    0.152778    0.152778       0.009259
    57    0.050826    0.152741    0.152740       0.009259
    58    0.152703    0.152703    0.152703       0.009259
    59    0.254580    0.152665    0.152665       0.009259
    60   -0.254805    0.152853    0.152853       0.009259
    61   -0.152966    0.254693    0.152778       0.009259
    62   -0.051089    0.254655    0.152740       0.009259
    63    0.050788    0.254618    0.152703       0.009259
    64    0.152665    0.254580    0.152665       0.009259
    65    0.254542    0.254542    0.152628       0.009259
    66   -0.254843    0.254730    0.152816       0.009259
    67   -0.152778   -0.254693    0.152966       0.009259
    68   -0.050901   -0.254730    0.152928       0.009259
    69    0.050976   -0.254768    0.152891       0.009259
    70    0.152853   -0.254805    0.152853       0.009259
    71    0.254730   -0.254843    0.152816       0.009259
    72   -0.254655   -0.254655    0.153003       0.009259
    73   -0.152853   -0.152853    0.254805       0.009259
    74   -0.050976   -0.152891    0.254768       0.009259
    75    0.050901   -0.152928    0.254730       0.009259
    76    0.152778   -0.152966    0.254693       0.009259
    77    0.254655   -0.153003    0.254655       0.009259
    78   -0.254730   -0.152816    0.254843       0.009259
    79   -0.152891   -0.050976    0.254768       0.009259
    80   -0.051014   -0.051014    0.254730       0.009259
    81    0.050863   -0.051051    0.254693       0.009259
    82    0.152741   -0.051089    0.254655       0.009259
    83    0.254618   -0.051126    0.254618       0.009259
    84   -0.254768   -0.050939    0.254805       0.009259
    85   -0.152928    0.050901    0.254730       0.009259
    86   -0.051051    0.050863    0.254693       0.009259
    87    0.050826    0.050826    0.254655       0.009259
    88    0.152703    0.050788    0.254618       0.009259
    89    0.254580    0.050751    0.254580       0.009259
    90   -0.254805    0.050939    0.254768       0.009259
    91   -0.152966    0.152778    0.254693       0.009259
    92   -0.051089    0.152740    0.254655       0.009259
    93    0.050788    0.152703    0.254618       0.009259
    94    0.152665    0.152665    0.254580       0.009259
    95    0.254542    0.152628    0.254542       0.009259
    96   -0.254843    0.152816    0.254730       0.009259
    97   -0.153003    0.254655    0.254655       0.009259
    98   -0.051126    0.254618    0.254618       0.009259
    99    0.050751    0.254580    0.254580       0.009259
   100    0.152628    0.254542    0.254542       0.009259
   101    0.254505    0.254505    0.254505       0.009259
   102   -0.254880    0.254693    0.254693       0.009259
   103   -0.152816   -0.254730    0.254843       0.009259
   104   -0.050939   -0.254768    0.254805       0.009259
   105    0.050939   -0.254805    0.254768       0.009259
   106    0.152816   -0.254843    0.254730       0.009259
   107    0.254693   -0.254880    0.254693       0.009259
   108   -0.254693   -0.254693    0.254880       0.009259
