                -63.3530354584
          0.000035619       0.000001801       0.000001788
          0.000001801       0.000035619       0.000001789
          0.000001788       0.000001789       0.000035618
           8
  1    14       0.000928821       0.000928112       0.000928607  Si
  1    14       0.001186321       0.001186320       0.001182356  Si
  1    14      -0.000984473      -0.000984684       0.000492572  Si
  1    14      -0.000950391      -0.000950281       0.001540028  Si
  1    14      -0.000983969       0.000490469      -0.000981096  Si
  1    14      -0.000949567       0.001542117      -0.000951213  Si
  1    14       0.000490524      -0.000984160      -0.000981110  Si
  1    14       0.001541622      -0.000949090      -0.000951009  Si
