                -63.3527189355
          0.000032832       0.000003914       0.000003915
          0.000003914       0.000032832       0.000003915
          0.000003915       0.000003915       0.000032832
           8
  1    14      -0.000986298      -0.000986367      -0.000986202  Si
  1    14      -0.000522541      -0.000522344      -0.000522292  Si
  1    14       0.000526712       0.000526665      -0.000922561  Si
  1    14       0.001139966       0.001139953      -0.000791147  Si
  1    14       0.000526775      -0.000922912       0.000526237  Si
  1    14       0.001140005      -0.000791595       0.001139925  Si
  1    14      -0.000922710       0.000526719       0.000526290  Si
  1    14      -0.000791682       0.001139896       0.001139752  Si
