   108
     1   -0.152418   -0.152418    0.050961       0.009259
     2   -0.050775   -0.152464    0.050914       0.009259
     3    0.050868   -0.152510    0.050868       0.009259
     4    0.152510   -0.152557    0.050821       0.009259
     5    0.254153   -0.152603    0.050775       0.009259
     6   -0.254060   -0.152371    0.051007       0.009259
     7   -0.152464   -0.050775    0.050914       0.009259
     8   -0.050821   -0.050821    0.050868       0.009259
     9    0.050821   -0.050868    0.050821       0.009259
    10    0.152464   -0.050914    0.050775       0.009259
    11    0.254107   -0.050961    0.050729       0.009259
    12   -0.254107   -0.050729    0.050961       0.009259
    13   -0.152510    0.050868    0.050868       0.009259
    14   -0.050868    0.050821    0.050821       0.009259
    15    0.050775    0.050775    0.050775       0.009259
    16    0.152418    0.050729    0.050729       0.009259
    17    0.254060    0.050682    0.050682       0.009259
    18   -0.254153    0.050914    0.050914       0.009259
    19   -0.152557    0.152510    0.050821       0.009259
    20   -0.050914    0.152464    0.050775       0.009259
    21    0.050729    0.152418    0.050729       0.009259
    22    0.152371    0.152371    0.050682       0.009259
    23    0.254014    0.152325    0.050636       0.009259
    24   -0.254200    0.152557    0.050868       0.009259
    25   -0.152603    0.254153    0.050775       0.009259
    26   -0.050961    0.254107    0.050729       0.009259
    27    0.050682    0.254060    0.050682       0.009259
    28    0.152325    0.254014    0.050636       0.009259
    29    0.253967    0.253967    0.050589       0.009259
    30   -0.254246    0.254200    0.050821       0.009259
    31   -0.152371   -0.254060    0.051007       0.009259
    32   -0.050729   -0.254107    0.050961       0.009259
    33    0.050914   -0.254153    0.050914       0.009259
    34    0.152557   -0.254200    0.050868       0.009259
    35    0.254200   -0.254246    0.050821       0.009259
    36   -0.254014   -0.254014    0.051053       0.009259
    37   -0.152464   -0.152464    0.152603       0.009259
    38   -0.050821   -0.152510    0.152557       0.009259
    39    0.050821   -0.152557    0.152510       0.009259
    40    0.152464   -0.152603    0.152464       0.009259
    41    0.254107   -0.152650    0.152418       0.009259
    42   -0.254107   -0.152418    0.152650       0.009259
    43   -0.152510   -0.050821    0.152557       0.009259
    44   -0.050868   -0.050868    0.152510       0.009259
    45    0.050775   -0.050914    0.152464       0.009259
    46    0.152418   -0.050961    0.152418       0.009259
    47    0.254060   -0.051007    0.152371       0.009259
    48   -0.254153   -0.050775    0.152603       0.009259
    49   -0.152557    0.050821    0.152510       0.009259
    50   -0.050914    0.050775    0.152464       0.009259
    51    0.050729    0.050729    0.152418       0.009259
    52    0.152371    0.050682    0.152371       0.009259
    53    0.254014    0.050636    0.152325       0.009259
    54   -0.254200    0.050868    0.152557       0.009259
    55   -0.152603    0.152464    0.152464       0.009259
    56   -0.050961    0.152418    0.152418       0.009259
    57    0.050682    0.152371    0.152371       0.009259
    58    0.152325    0.152325    0.152325       0.009259
    59    0.253967    0.152278    0.152278       0.009259
    60   -0.254246    0.152510    0.152510       0.009259
    61   -0.152650    0.254107    0.152418       0.009259
    62   -0.051007    0.254060    0.152371       0.009259
    63    0.050636    0.254014    0.152325       0.009259
    64    0.152278    0.253967    0.152278       0.009259
    65    0.253921    0.253921    0.152232       0.009259
    66   -0.254292    0.254153    0.152464       0.009259
    67   -0.152418   -0.254107    0.152650       0.009259
    68   -0.050775   -0.254153    0.152603       0.009259
    69    0.050868   -0.254200    0.152557       0.009259
    70    0.152510   -0.254246    0.152510       0.009259
    71    0.254153   -0.254292    0.152464       0.009259
    72   -0.254060   -0.254060    0.152696       0.009259
    73   -0.152510   -0.152510    0.254246       0.009259
    74   -0.050868   -0.152557    0.254200       0.009259
    75    0.050775   -0.152603    0.254153       0.009259
    76    0.152418   -0.152650    0.254107       0.009259
    77    0.254060   -0.152696    0.254060       0.009259
    78   -0.254153   -0.152464    0.254292       0.009259
    79   -0.152557   -0.050868    0.254200       0.009259
    80   -0.050914   -0.050914    0.254153       0.009259
    81    0.050729   -0.050961    0.254107       0.009259
    82    0.152371   -0.051007    0.254060       0.009259
    83    0.254014   -0.051053    0.254014       0.009259
    84   -0.254200   -0.050821    0.254246       0.009259
    85   -0.152603    0.050775    0.254153       0.009259
    86   -0.050961    0.050729    0.254107       0.009259
    87    0.050682    0.050682    0.254060       0.009259
    88    0.152325    0.050636    0.254014       0.009259
    89    0.253967    0.050589    0.253967       0.009259
    90   -0.254246    0.050821    0.254200       0.009259
    91   -0.152650    0.152418    0.254107       0.009259
    92   -0.051007    0.152371    0.254060       0.009259
    93    0.050636    0.152325    0.254014       0.009259
    94    0.152278    0.152278    0.253967       0.009259
    95    0.253921    0.152232    0.253921       0.009259
    96   -0.254292    0.152464    0.254153       0.009259
    97   -0.152696    0.254060    0.254060       0.009259
    98   -0.051053    0.254014    0.254014       0.009259
    99    0.050589    0.253967    0.253967       0.009259
   100    0.152232    0.253921    0.253921       0.009259
   101    0.253875    0.253875    0.253875       0.009259
   102   -0.254339    0.254107    0.254107       0.009259
   103   -0.152464   -0.254153    0.254292       0.009259
   104   -0.050821   -0.254200    0.254246       0.009259
   105    0.050821   -0.254246    0.254200       0.009259
   106    0.152464   -0.254292    0.254153       0.009259
   107    0.254107   -0.254339    0.254107       0.009259
   108   -0.254107   -0.254107    0.254339       0.009259
